 1.000  0.000  0.000  0.000  0.000  0.000  0.000  0.000  0.000  0.000
 0.000  1.000  0.000  0.000  0.000  0.000  0.000  0.000  0.000  0.000
 0.000  0.000  1.000  0.000  0.000  0.000  0.000  0.000  0.000  0.000
 0.000  0.000  0.000  0.969 -0.177 -0.636  0.000  0.000  0.000  0.000
 0.000  0.000  0.000 -0.177  5.153  0.177 -0.532  0.000 -3.556  0.000
 0.000  0.000  0.000 -0.636  0.177  2.573 -0.177  0.000  0.000 -0.667
 0.000  0.000  0.000  0.000 -0.532 -0.177  1.032  0.000 -0.500  0.000
 0.000  0.000  0.000  0.000  0.000  0.000  0.000  1.000  0.000  0.000
 0.000  0.000  0.000  0.000 -3.556  0.000 -0.500  0.000  4.556  0.000
 0.000  0.000  0.000  0.000  0.000 -0.667  0.000  0.000  0.000  3.667
