9.255437535632404789e-02 3.711096133631440530e+00 2.289452293228103671e-03
5.407123505851485490e-02 4.031316685707790448e+00 -2.351650865623344522e-01
2.680375618663947135e-01 3.419783556126608559e+00 -1.836779740729611032e-01
1.664198418035032212e-01 3.658169616786467238e+00 -4.154216906384813335e-01
2.771570801265865747e-01 3.157726525304581422e+00 3.317488526417213673e-02
2.363814715487788654e-01 3.416720708221656633e+00 -1.424774599962161381e-01
4.054253748501913668e-01 2.921645304033599899e+00 -1.050028766310286410e-01
3.181627380741404165e-01 3.119768827410332790e+00 -2.768593945169581239e-01
3.860093752096753206e-01 2.705248134969624463e+00 5.497359040822183407e-02
3.459259138538872680e-01 2.908221672170255179e+00 -7.378000403006383656e-02
4.761407521973887724e-01 2.519669418367558311e+00 -4.762334895742523222e-02
4.025245644623016705e-01 2.678318238728610634e+00 -1.740621457054975230e-01
4.347193164842061419e-01 2.335017914802378414e+00 6.710848318610701524e-02
3.960619640811771092e-01 2.498519669990516334e+00 -2.511637433657940705e-02
4.967372569396560356e-01 2.186201381442018032e+00 -6.812996692570840070e-03
4.333540021845379009e-01 2.316543257129315414e+00 -9.776997497685516181e-02
4.374307731636282726e-01 2.031848948246051556e+00 7.412395265403731726e-02
4.019174949741891045e-01 2.159464700201082277e+00 8.201950834367296994e-03
4.780790964766549744e-01 1.916112211469803039e+00 2.023193868185630198e-02
4.246936607271146191e-01 2.019459841674480227e+00 -4.515734994177720424e-02
4.068897072268610193e-01 1.787294181353820788e+00 7.682516919373527653e-02
3.751544813261844524e-01 1.886116740257221869e+00 2.891544281820684209e-02
4.328721532471951350e-01 1.697883670234169085e+00 3.649237537865834824e-02
3.882272202873096045e-01 1.779002851849281974e+00 -1.133166404295982838e-02
3.554708804716146808e-01 1.588862846541624574e+00 7.654208676231659403e-02
3.276076303319629401e-01 1.666668540171584389e+00 4.034881931403298816e-02
3.725071909610224719e-01 1.518451761505288378e+00 4.507241902833085401e-02
3.351054841985834365e-01 1.583092548285832901e+00 8.747636358478279653e-03
2.908447155066335998e-01 1.418774425186674293e+00 7.360396348050292359e-02
2.666195044023780270e-01 1.486764524047548441e+00 4.551581704703693693e-02
3.039792494628731356e-01 1.357727914970525918e+00 4.862480105384898998e-02
2.718217037632579824e-01 1.414653729004032856e+00 2.034345878857663284e-02
2.190127969966689236e-01 1.263594356586660528e+00 7.055341404976407660e-02
1.983500297018077063e-01 1.325970144207107682e+00 4.649330878127304334e-02
2.317663032608285045e-01 1.207313191799285645e+00 4.888498420914057230e-02
2.040916888263489271e-01 1.259876700301140628e+00 2.470040035035404175e-02
1.460886956264990655e-01 1.113451369313509298e+00 6.806518021725160850e-02
1.284346191750051491e-01 1.176174676518459528e+00 4.441124655251883768e-02
1.619494449411071346e-01 1.055863136364588284e+00 4.689391761779754253e-02
1.374404257629723014e-01 1.109022539140497754e+00 2.328596692907840965e-02
7.740123893600103777e-02 9.540747965387883500e-01 6.655267648309216855e-02
6.140179240221604884e-02 1.025530346569192064e+00 3.937494589596254868e-02
1.001010251208860058e-01 8.869350237696732586e-01 4.257200284318110595e-02
7.650144906783490351e-02 9.478479259415776292e-01 1.567699905058424908e-02
1.940594462139993981e-02 6.884464930819695905e-01 4.971564211620951856e-02
-4.484321587342465776e-04 8.564487257338294635e-01 1.767810529862322635e-02
5.605231867716059524e-02 5.391179362713972578e-01 2.737523817005204849e-02
1.600757026022203711e-02 6.767996361039468889e-01 -3.805207686049933129e-03
1.107436576236100478e-01 3.482170195854964234e+00 -3.989524990690474504e-01
1.550203145236803692e-01 3.728250448707636444e+00 -6.548048748410557618e-01
3.336540942090812090e-01 3.167300097659194513e+00 -5.102342599177329685e-01
3.122583844536042097e-01 3.339834284058479597e+00 -7.508320686956000412e-01
2.599183082957764457e-01 3.001297391207202292e+00 -2.054197597200816405e-01
2.659468049912973031e-01 3.202936904835534282e+00 -3.949225566200460502e-01
4.080400433673951333e-01 2.752009469924944440e+00 -2.912008438816580114e-01
3.676316221684033936e-01 2.899344264689994066e+00 -4.706640072655858265e-01
3.443116163425402609e-01 2.605501940607293232e+00 -6.501210154196912505e-02
3.247213933074981629e-01 2.765016227340616251e+00 -2.040334563126222356e-01
4.346293764725792097e-01 2.412819004451948857e+00 -1.326617517392109369e-01
3.830703217144830197e-01 2.533037041615855856e+00 -2.656564417080531371e-01
3.781588083334288530e-01 2.278010768636332006e+00 3.082119853266703305e-02
3.415403829416447379e-01 2.409226875744808538e+00 -7.006548216486256642e-02
4.264514106714218933e-01 2.126207467045883259e+00 -2.082978738559431581e-02
3.674157074126632727e-01 2.228061588540905191e+00 -1.185039318054130486e-01
3.730907652020806764e-01 2.006056791825321817e+00 9.374552489386694942e-02
3.279331110627107804e-01 2.110904208836234641e+00 2.072014511885544516e-02
3.921806992830128014e-01 1.888861661260165192e+00 5.269453757012051986e-02
3.316077873407615173e-01 1.972147913037277656e+00 -1.906830099054653699e-02
3.405606312613080888e-01 1.782794345817066084e+00 1.303305202278544905e-01
2.930893069821636776e-01 1.866350504800787569e+00 7.652548528930457061e-02
3.418936426208486479e-01 1.691888372849522426e+00 9.654496660818591425e-02
2.837173400221931763e-01 1.759540968682873352e+00 4.284354898226333530e-02
2.913751719322086875e-01 1.597994384159381553e+00 1.481448972141289622e-01
2.458953023703462359e-01 1.665977351243032478e+00 1.069061540055861736e-01
2.841686187451031298e-01 1.525259948214646277e+00 1.194679992646080768e-01
2.308914801392693561e-01 1.581169641680135296e+00 7.779655682666397620e-02
2.322367327211792842e-01 1.436018304005091339e+00 1.530302227786210223e-01
1.914406497118532613e-01 1.497986184861993753e+00 1.203139201340591158e-01
2.239685557799256377e-01 1.371856587200791067e+00 1.287715225536328334e-01
1.765080800443811215e-01 1.423350424821027138e+00 9.549855959944029971e-02
1.681701211687394171e-01 1.286016474933639797e+00 1.506837348216778227e-01
1.344013911584044374e-01 1.344337789010500828e+00 1.224154606367162668e-01
1.644879462819273108e-01 1.225480939426583316e+00 1.291886869423034545e-01
1.244618332750122014e-01 1.274219028918331276e+00 1.005819577096204176e-01
1.049543724081720697e-01 1.140360462107629314e+00 1.435774452784586985e-01
7.940852726782970938e-02 1.198758501229322482e+00 1.162174164235559720e-01
1.106344135153449204e-01 1.077747446785375818e+00 1.233141786070998808e-01
7.856934301790574615e-02 1.126673507017510234e+00 9.607933709633223462e-02
4.822409815659395305e-02 9.887056533865461461e-01 1.315983539884260367e-01
3.056039906073193535e-02 1.052311210502480110e+00 1.017538887237639522e-01
6.693659822359132594e-02 9.173802586361040623e-01 1.104532784658557587e-01
4.188095671913416584e-02 9.707861978997704977e-01 8.131638724322722001e-02
1.327090646137008001e-02 7.683071077616305811e-01 7.971487992281411916e-02
-5.070478742451145493e-03 8.933602076465331221e-01 4.581382825353303573e-02
3.758016684913229044e-02 6.397124086714304214e-01 6.810313387285146791e-02
2.801233579009132502e-03 7.404753828463136456e-01 3.614617323089921314e-02
2.004573229225328213e-01 3.010935745797137741e+00 -7.015442141378606111e-01
3.141924373116744551e-01 3.179765399417068927e+00 -9.359574770245802089e-01
4.300758339659712659e-01 2.713335059326284160e+00 -7.269533541256901765e-01
4.754036482658079987e-01 2.823002571834390739e+00 -9.414775176774775600e-01
2.561085434693127771e-01 2.680016963361147031e+00 -3.858749980677536051e-01
2.977376854013780161e-01 2.818596706214453018e+00 -5.605649196569896242e-01
3.930614529743787777e-01 2.449497641494908340e+00 -4.155368573713570379e-01
3.901886365266090118e-01 2.545287605235958761e+00 -5.774025420166112310e-01
2.764643210883440672e-01 2.398468027343431785e+00 -1.600096523313452590e-01
2.694013441128351172e-01 2.508289905379845752e+00 -2.900135419669533920e-01
3.445103883265157596e-01 2.222449849514672504e+00 -1.933988926327651348e-01
3.098424970407001600e-01 2.301842420446658988e+00 -3.159719196203149560e-01
2.705308151798004879e-01 2.155563514590785434e+00 -6.178115095031385187e-03
2.320303701048485046e-01 2.248400579891327578e+00 -1.036763340851700188e-01
2.901382906086678592e-01 2.017622321342267266e+00 -3.906975828714191745e-02
2.345165097863107784e-01 2.087811940740181171e+00 -1.328496497495796069e-01
2.447708139931221716e-01 1.944208696584843521e+00 9.374121644512541096e-02
1.894704504502472964e-01 2.021351384711847388e+00 2.011886665069043470e-02
2.333925004433436978e-01 1.836234909175887164e+00 6.106559739579280749e-02
1.678148403987295145e-01 1.896586288955608213e+00 -1.133687921749307846e-02
2.067377878030246530e-01 1.761639336789711852e+00 1.516476744619678629e-01
1.455145126997227090e-01 1.826432829004832836e+00 9.461833674579908648e-02
1.789198701990825646e-01 1.674946802213695740e+00 1.200762653247888639e-01
1.113195106893000164e-01 1.726977024362914559e+00 6.286198296484014902e-02
1.629764862890260568e-01 1.602529420035122332e+00 1.801789704324454899e-01
1.033143097365962770e-01 1.658500943484484624e+00 1.342045703637755050e-01
1.299448633988609658e-01 1.529548632236409800e+00 1.505959531177778754e-01
6.573079656353447708e-02 1.575320197156276913e+00 1.038689358677124946e-01
1.172709513405965076e-01 1.455952618476499039e+00 1.893756339318375115e-01
6.387238114857612947e-02 1.510558641397738322e+00 1.510194645325856344e-01
8.777320506156738311e-02 1.388294398740741231e+00 1.627682300073353683e-01
2.998406243203588506e-02 1.433420217563790233e+00 1.236216396825709218e-01
7.280283913801977036e-02 1.315367459490285551e+00 1.866150793947124742e-01
2.922560573557420049e-02 1.368920539537223036e+00 1.527672804570669451e-01
5.313198216198156132e-02 1.249045940864468740e+00 1.629901561093291540e-01
4.636780420252506474e-03 1.293412211024242087e+00 1.287374720792720251e-01
3.410089478769801064e-02 1.177295180326148438e+00 1.751165229556913283e-01
1.983711449829950180e-03 1.230746606305656021e+00 1.433200920103157028e-01
2.849674641941224440e-02 1.108826541477494487e+00 1.540727054311922251e-01
-9.428983526662104708e-03 1.153048073218572611e+00 1.224934613081276880e-01
6.278229341946994779e-03 1.038365133238061455e+00 1.534563702266429353e-01
-1.507361141055524323e-02 1.092449256673972524e+00 1.221611261828365880e-01
1.569966804981692832e-02 9.658725331333692932e-01 1.338984459903476976e-01
-1.228588279830200580e-02 1.010589986817895802e+00 1.034283956870247906e-01
3.190906430047935061e-03 8.790461170786284528e-01 8.098964812563826110e-02
-1.215906789425469370e-02 9.529034407571830290e-01 5.442857475910701376e-02
1.145525236122821311e-02 7.913833628789140873e-01 7.537899320299945582e-02
-1.433099705926055289e-02 8.498301604264512088e-01 5.056764660552586638e-02
3.077929670212423696e-01 2.383059928877746980e+00 -8.463176886623231532e-01
4.592708410807075925e-01 2.485881349877979929e+00 -1.027297187638740450e+00
5.006191477821499980e-01 2.145536838568786298e+00 -7.984511374278742135e-01
5.847064774353734062e-01 2.206250133474215058e+00 -9.609773855068082238e-01
2.360000822356286831e-01 2.256174809597002007e+00 -4.760777600358102046e-01
2.883075570992261749e-01 2.337069842373495021e+00 -6.137191779738524477e-01
3.307593140031657164e-01 2.075105671535666829e+00 -4.650436020573777696e-01
3.454281651063412228e-01 2.127200020889432608e+00 -5.911868813528330380e-01
1.742660766133601324e-01 2.124063475902358444e+00 -2.177631874904642217e-01
1.637045216182539953e-01 2.186895428829665811e+00 -3.244875392533398961e-01
2.002479329983832823e-01 1.985098723877467330e+00 -2.312872841879886898e-01
1.710065147336927160e-01 2.028358229099971766e+00 -3.317451295986304505e-01
1.213728549662340672e-01 1.988072525825822501e+00 -4.509234245340007496e-02
7.312163215759814872e-02 2.043654929760948313e+00 -1.304656580901417950e-01
1.015999719399338641e-01 1.876378502221174083e+00 -7.159830924876495195e-02
4.526259889354933286e-02 1.917567426075228676e+00 -1.542279950563927582e-01
7.551216105803615353e-02 1.851158290125534567e+00 6.454138992887739623e-02
8.620369115868165011e-03 1.901112266851697763e+00 -5.043799194942320818e-03
2.960211089929987160e-02 1.758552226693145704e+00 3.094706969281747072e-02
-3.977890666514671825e-02 1.797513987012229197e+00 -3.812768311698223195e-02
3.741588159449293904e-02 1.717510795119711275e+00 1.268237402169190287e-01
-3.457655002793202925e-02 1.763722598800854469e+00 6.856137483395785548e-02
-1.912648632149294148e-02 1.636843901308846494e+00 9.124841407810616034e-02
-9.156284813007065093e-02 1.674017854468470512e+00 3.239629930115633938e-02
7.115019414290824074e-03 1.588875994998939722e+00 1.571113017094072084e-01
-6.125152914299147877e-02 1.632697066228853355e+00 1.069286042712733337e-01
-4.860139578708111419e-02 1.514832846050364612e+00 1.228840533265741081e-01
-1.174843482388142624e-01 1.550598353011773067e+00 7.182797663671015853e-02
-1.583588801577645588e-02 1.460814188763555066e+00 1.672442885166741944e-01
-7.535180636935867593e-02 1.507373915414391474e+00 1.231036982149799758e-01
-6.198944231723102494e-02 1.387401293503302657e+00 1.362802314996559294e-01
-1.233168391426681665e-01 1.425579528893452075e+00 9.146569722926831125e-02
-3.060609189788893181e-02 1.331956195504435669e+00 1.643740026656156927e-01
-7.804098608140030979e-02 1.379529242297113267e+00 1.247733012589499896e-01
-6.195501194313279836e-02 1.257649465775552144e+00 1.376573643916897127e-01
-1.128856825250436069e-01 1.296519142638044020e+00 9.791844630924126380e-02
-3.511420193332059903e-02 1.204053777054918228e+00 1.511981525333321863e-01
-6.983095805998845718e-02 1.250839865692170871e+00 1.154133649421482249e-01
-4.988946194492566155e-02 1.129356189307023195e+00 1.285805565866345590e-01
-8.949965787073632661e-02 1.167406223893132200e+00 9.324308974306846909e-02
-2.711600373130507169e-02 1.081872466331373017e+00 1.249904713746003981e-01
-5.080486433698810922e-02 1.124491678512736792e+00 9.399531853878394239e-02
-2.852697469222592597e-02 1.011761683452266247e+00 1.058127206712865670e-01
-5.748432770120448509e-02 1.046408058130809726e+00 7.557610487448646053e-02
-3.913524002354895615e-03 9.733735795554170345e-01 5.612503603009346559e-02
-1.651745101220514211e-02 1.010499424327545359e+00 3.883442871039067407e-02
-7.065463772661761954e-03 9.219729636185296506e-01 5.130243798903178637e-02
-2.475201467955367995e-02 9.508921219866083296e-01 3.498417359645622504e-02
3.644689044953526857e-01 1.708484609819444167e+00 -8.178793449804468985e-01
5.083778162802341516e-01 1.763314434194380276e+00 -9.268568978793247926e-01
4.870884257991819899e-01 1.563585078347562440e+00 -7.344637524605673873e-01
5.734305354387042586e-01 1.592853375951429618e+00 -8.314686264632649149e-01
1.662527621998864391e-01 1.805728888058597548e+00 -4.766226676304440857e-01
1.994121303823646607e-01 1.840592643496425707e+00 -5.656585178856928797e-01
2.019254703161578179e-01 1.693119868014152818e+00 -4.566501939951778111e-01
2.119977337588785926e-01 1.713293249248748262e+00 -5.384841059395739649e-01
3.408869116830970381e-02 1.827404642580741978e+00 -2.451928892461456566e-01
2.914299172079193312e-03 1.851368900826272368e+00 -3.223449695497693779e-01
1.025837949132468729e-02 1.735274287378696823e+00 -2.630458587929796477e-01
-2.481928960255896932e-02 1.750836181798960611e+00 -3.367474054786881998e-01
-5.036693379046452979e-02 1.796344695323751850e+00 -9.420088505461438055e-02
-1.147855319695730847e-01 1.820853226195710439e+00 -1.641522770992928648e-01
-1.097903373731351495e-01 1.713764132752078728e+00 -1.309437258525474046e-01
-1.695607625945405594e-01 1.732303997736503565e+00 -1.998603323183715252e-01
-1.002094147902850008e-01 1.729874239356099075e+00 -3.942131124939479963e-04
-1.770630624907802986e-01 1.757203978322563032e+00 -6.418096343059923048e-02
-1.758503017096810783e-01 1.651425974639594063e+00 -4.438654415409223203e-02
-2.457615700877433529e-01 1.673471806497367265e+00 -1.084365201890208630e-01
-1.240972230098115192e-01 1.641697041349025499e+00 5.262018940549467727e-02
-2.003326202995336924e-01 1.672173992334145876e+00 -5.596190247467883877e-03
-2.015157911022839032e-01 1.564066320968383828e+00 8.945722971671279597e-03
-2.720914133164963333e-01 1.588975754951629238e+00 -4.992808041878438879e-02
-1.296635079345372921e-01 1.541551137600331911e+00 7.933096597253957993e-02
-1.977246535288239571e-01 1.574461660922568340e+00 2.629602670731619532e-02
-1.983050360611768870e-01 1.463131717951218658e+00 3.985914085200957524e-02
-2.635339474717222075e-01 1.489840931643896749e+00 -1.364832623407525973e-02
-1.217638985366493731e-01 1.431828688237746450e+00 9.039585484055853715e-02
-1.774930875733129465e-01 1.469889159304083481e+00 4.224981715381453951e-02
-1.738197337013352994e-01 1.349970003519731288e+00 5.665104404772618868e-02
-2.297852434110546627e-01 1.380565100131670775e+00 8.529010467386299865e-03
-1.021426005485967514e-01 1.315983306564288968e+00 9.104514959385338890e-02
-1.441107416778722450e-01 1.355751377204107211e+00 4.802637719159964791e-02
-1.348253752595411914e-01 1.232844914141675519e+00 6.354378763293178078e-02
-1.797369959879213108e-01 1.264455217988996072e+00 2.113107900553275881e-02
-7.293770914173058895e-02 1.200997606745773050e+00 8.256735035955611868e-02
-1.016647787842813733e-01 1.238581251625891611e+00 4.582944727725946771e-02
-8.702456168774674872e-02 1.121997253231778124e+00 6.064366416285638106e-02
-1.202329730742024427e-01 1.151680113195056698e+00 2.488863891871571227e-02
-3.803847082614814079e-02 1.097833054018223287e+00 6.277529163766072673e-02
-5.563869251078723543e-02 1.127623746022843765e+00 3.536606419627693482e-02
-3.980565034066496644e-02 1.034222499688259633e+00 4.602589186692471884e-02
-6.158080655637826473e-02 1.057799751360225082e+00 1.950414551162490268e-02
-5.901315305691989810e-03 1.019569794978818056e+00 2.215708149441813352e-02
-1.228427107691465459e-02 1.039589416497271213e+00 9.803007452556713325e-03
-7.990532721213361445e-03 9.843160206350566321e-01 1.986912342823520319e-02
-1.769549695720346039e-02 9.993240096984049581e-01 8.489297409530407665e-03
3.118052586916279512e-01 1.093649768255555266e+00 -6.512336201131592173e-01
4.081501480465043463e-01 1.120758814164998451e+00 -6.774206587152091785e-01
3.664984822089650818e-01 1.056568236501436386e+00 -5.800890679114034665e-01
4.253427282814934429e-01 1.071706595341574086e+00 -6.028844213399484619e-01
2.955264342248431486e-02 1.395564239206783075e+00 -4.171960865620368275e-01
1.414842886701428437e-02 1.395995384850877263e+00 -4.564433252877692082e-01
1.077673577437671115e-02 1.352469916334626321e+00 -4.285856655681968830e-01
-2.633082218466975544e-03 1.351576923967875654e+00 -4.657922331967337404e-01
-1.303496570580837677e-01 1.543590261204283554e+00 -2.631951331121109017e-01
-1.943038097037761425e-01 1.538776591803363569e+00 -3.132167569815289543e-01
-1.955168875722428368e-01 1.492343916873259291e+00 -3.108420195682311538e-01
-2.425648818803459728e-01 1.489611770399839719e+00 -3.603101381644691625e-01
-2.106445303436529359e-01 1.592924819046480200e+00 -1.627293076449670139e-01
-2.903857161011081933e-01 1.595398289568970007e+00 -2.188989071987730295e-01
-2.970637307205657995e-01 1.531162739275055085e+00 -2.216850594017872322e-01
-3.576247172672526453e-01 1.535071100003186473e+00 -2.781208433369846689e-01
-2.376822707973254012e-01 1.579324929531594757e+00 -9.814276966367060928e-02
-3.163123723025599299e-01 1.590728352370186949e+00 -1.556792561159552890e-01
-3.286630020226104509e-01 1.508004588785465838e+00 -1.550461320568844448e-01
-3.919480070291221363e-01 1.518686131979174458e+00 -2.129670819612264898e-01
-2.302562157118649422e-01 1.526559728945328320e+00 -5.815863870236461647e-02
-2.989010840746018083e-01 1.545340907014582710e+00 -1.138123431377762729e-01
-3.125599745445367672e-01 1.447368574151358889e+00 -1.066315597908853718e-01
-3.719913787587568743e-01 1.463008392119747425e+00 -1.622791009656283645e-01
-2.025716147572345638e-01 1.450251083382639861e+00 -3.307687825175396890e-02
-2.572447406516908952e-01 1.473992863766178996e+00 -8.490298216841550560e-02
-2.663806548076982361e-01 1.365434989291474999e+00 -7.171767761238793948e-02
-3.178268693578500947e-01 1.384076830122481949e+00 -1.229440551522574948e-01
-1.624995717986600363e-01 1.358075062892105667e+00 -1.598446052094086578e-02
-2.016499606581785842e-01 1.387129886592497474e+00 -6.273483926909406705e-02
-2.020578903294636408e-01 1.269000699172075919e+00 -4.528856985634987370e-02
-2.425097368206891035e-01 1.291223561244102980e+00 -9.078118281389029043e-02
-1.148429031029249980e-01 1.257246440900464890e+00 -4.607398263025867108e-03
-1.382037181793009939e-01 1.287452799191651120e+00 -4.471573387856658810e-02
-1.279925125970101663e-01 1.169606724534919318e+00 -2.529939883852595772e-02
-1.558858220108667036e-01 1.192334663690717944e+00 -6.364635899452378287e-02
-6.721335737182043690e-02 1.157604591461534937e+00 2.149705541922158208e-03
-7.687525539518236251e-02 1.183870397437151167e+00 -2.849742175330404956e-02
-5.825477682256030576e-02 1.082527524771215610e+00 -1.183302629147812111e-02
-7.332385407080654893e-02 1.102250970528303453e+00 -4.071618891434736903e-02
-2.886010398988575476e-02 1.073616926269357341e+00 3.710626881140176303e-03
-2.945431727872699357e-02 1.090709374842018464e+00 -1.443234302767014768e-02
-1.054092065081446705e-02 1.024990283371021604e+00 -4.726879118764305485e-03
-1.499311923592366869e-02 1.037992837239500643e+00 -2.168110115484421854e-02
-5.816170193657710374e-03 1.017630811572874050e+00 9.366904189656875606e-04
-3.778324211171302238e-03 1.026901722060038269e+00 -6.168341354621903819e-03
9.548516240790450027e-04 9.951415245245596175e-01 4.277175312960952540e-03
-3.928358573550561061e-04 1.001356831972933348e+00 -1.644735854558872050e-03
1.303213291544609298e-01 6.081710584652528784e-01 -3.986575539544317537e-01
1.917950839929055684e-01 6.230681776818146611e-01 -4.038464027382077104e-01
1.358395401678963166e-01 6.079846529256351939e-01 -3.462688850335491342e-01
1.940103986066984143e-01 6.181024121318743347e-01 -3.480445893042792838e-01
-1.646134530619758896e-01 1.056633768186326261e+00 -3.427743606438322654e-01
-1.168547298938062973e-01 1.021915265730493294e+00 -4.227330474101305691e-01
-1.831713033239694699e-01 9.978960083907592038e-01 -3.309341679090370691e-01
-1.479134178740982852e-01 9.246345576812173839e-01 -4.064004736154752662e-01
-3.171485448722844436e-01 1.313131705946899430e+00 -2.927160576985398110e-01
-2.927983888313426264e-01 1.234264820034050913e+00 -3.980326390897804822e-01
-3.371636839109461992e-01 1.229658277406792122e+00 -3.126795058865597943e-01
-3.263680259612299350e-01 1.104510532510253773e+00 -4.127760345489301930e-01
-3.754852985442481694e-01 1.439352402771817641e+00 -2.475418068155026130e-01
-3.781192179064118419e-01 1.336665437142109614e+00 -3.552840336321088643e-01
-3.863495066947362222e-01 1.348606132515860478e+00 -2.870837117242273084e-01
-3.998941070248087093e-01 1.203323176254595950e+00 -3.895346792859996632e-01
-3.708021654775033316e-01 1.482200175650819407e+00 -2.088370510597984397e-01
-3.996549305740167424e-01 1.367573418990660539e+00 -3.046176042533150774e-01
-3.711550730586594127e-01 1.392827473572653796e+00 -2.583930909286956679e-01
-4.065096893601797823e-01 1.245153330053593965e+00 -3.496734909707582828e-01
-3.258424097193083346e-01 1.467721841677612105e+00 -1.759728290495201075e-01
-3.768767729278384437e-01 1.353688288886524482e+00 -2.540832168753588416e-01
-3.180140750587835408e-01 1.384865275569745702e+00 -2.284798563614848510e-01
-3.711200197647222532e-01 1.248715021779858381e+00 -3.033405841572435757e-01
-2.573790034268613747e-01 1.415802767760672820e+00 -1.477600791901136357e-01
-3.248104937486758215e-01 1.313457051201328607e+00 -2.083422740789846184e-01
-2.443290277718014325e-01 1.342620726937708397e+00 -1.987270619026652863e-01
-3.103103832842655230e-01 1.227826760229152603e+00 -2.573553688719257826e-01
-1.765858957226490444e-01 1.337828874525993195e+00 -1.210774936084869219e-01
-2.545999961711900017e-01 1.257048475468814708e+00 -1.685003038105344630e-01
-1.584309407349268062e-01 1.277553775705309702e+00 -1.674373902107355316e-01
-2.324911179921898552e-01 1.190725355513564399e+00 -2.138991735179456011e-01
-9.253548601041411414e-02 1.244875122200840956e+00 -9.484772674737060316e-02
-1.723287848050488735e-01 1.187067075186748921e+00 -1.302389160620750219e-01
-7.313287985932737101e-02 1.198010143933838201e+00 -1.344387400497810692e-01
-1.477459898448505449e-01 1.138868507102558825e+00 -1.696290746809098471e-01
-2.256479664219446235e-02 1.150821165515044653e+00 -6.745867994924996391e-02
-8.888728792598465933e-02 1.112539841195597567e+00 -9.322417682161934782e-02
-6.284185604338521358e-03 1.117077849621533892e+00 -9.710661782341425963e-02
-6.802147271435038389e-02 1.079461106178509988e+00 -1.228525572857747383e-01
1.320404405056319064e-02 1.073881184679589262e+00 -3.893489250430708093e-02
-2.137595639431322248e-02 1.046000812136660407e+00 -5.551375453816086158e-02
2.171252340029461436e-02 1.052094972352876523e+00 -5.488289502258338060e-02
-1.059681481127416891e-02 1.024325800587676527e+00 -7.107725573823391041e-02
2.852785377370159470e-03 1.019743213547439353e+00 -7.468736610890621200e-03
1.084779413021336181e-02 1.006351834240926557e+00 -1.852868447227053184e-02
2.231220702960168278e-03 1.013337353968787102e+00 -7.778489388110361100e-03
8.744752540036260235e-03 9.962887399581856762e-01 -1.762442662319200007e-02
-1.382912596969268770e-01 2.025845683730909119e-01 -1.284573489162628146e-01
-1.866185301730833301e-01 2.383300491365976936e-01 -8.395825468473760989e-02
-1.242965873930346743e-01 2.469897517093622707e-01 -1.479851440449882760e-01
-1.635647865448458804e-01 3.069314568374672536e-01 -1.076389448197062060e-01
-3.170512241254418440e-01 6.274282047369647008e-01 -2.592592725836094236e-01
-3.398011465494779060e-01 6.033597329568248790e-01 -2.779267372437169703e-01
-3.191110514086162864e-01 6.020033303004268532e-01 -2.850126495912874702e-01
-3.415538292344143523e-01 5.720355844196174377e-01 -3.036640619239577843e-01
-4.049756595600402242e-01 9.173511572929964331e-01 -3.241560981677611419e-01
-4.183735823369972295e-01 8.478826910969913255e-01 -3.772086473458430289e-01
-4.117544160848448653e-01 8.513809166139285622e-01 -3.586736511528452187e-01
-4.287894176584959860e-01 7.618292946063280890e-01 -4.088310600201079392e-01
-4.301131369259695858e-01 1.104645100927120982e+00 -3.444356478804275756e-01
-4.457240691701220836e-01 1.008340112969913882e+00 -4.136186077160489138e-01
-4.323183429118864218e-01 1.018399129801097258e+00 -3.859990836505962641e-01
-4.522418503780368249e-01 8.976597975952080866e-01 -4.506618256548891033e-01
-4.089460599221947379e-01 1.216330434072786293e+00 -3.374255277098538452e-01
-4.337970575062968237e-01 1.106907355029380424e+00 -4.088345173329206994e-01
-4.040174965931524476e-01 1.123324753362593631e+00 -3.830674831842081907e-01
-4.318501241990453376e-01 9.913991207290704377e-01 -4.495866057669993809e-01
-3.561741028698170997e-01 1.270897023970351647e+00 -3.146586339090986506e-01
-3.931287031718444513e-01 1.159970077711033110e+00 -3.799082815173107086e-01
-3.445813040346534795e-01 1.179914054191149253e+00 -3.614241058704787957e-01
-3.823115547393931557e-01 1.051550057750579414e+00 -4.223062078048898105e-01
-2.835503045630930474e-01 1.283618463160119294e+00 -2.842543787092279284e-01
-3.325431183688196124e-01 1.180818201151144997e+00 -3.396538586452758079e-01
-2.669501117176640292e-01 1.200167233415381673e+00 -3.298913833691951014e-01
-3.144446735636053925e-01 1.085880169483780300e+00 -3.819213555434747276e-01
-1.978238702226974288e-01 1.263306712564218559e+00 -2.488719118331280400e-01
-2.583207724838146313e-01 1.178675298558487627e+00 -2.954198778313074647e-01
-1.750770628670501039e-01 1.191932675682604748e+00 -2.915383282231516215e-01
-2.318616858191949182e-01 1.100785996469918482e+00 -3.357298364085768982e-01
-1.030361329541456539e-01 1.221445554410760748e+00 -2.101807662256323095e-01
-1.712026163603055928e-01 1.156561543861793995e+00 -2.473070668952343232e-01
-7.747754548955032572e-02 1.162960867176238144e+00 -2.488331017124404410e-01
-1.403929873613634083e-01 1.095854729899749636e+00 -2.846350649659417642e-01
-1.133321695914224492e-02 1.164037860026702953e+00 -1.659634497481715931e-01
-7.870123330122696936e-02 1.117473722338216735e+00 -1.950049283608522588e-01
1.334305197675766941e-02 1.118180993023717429e+00 -1.988758252214027078e-01
-4.843763693851504959e-02 1.072055310849469922e+00 -2.272867956525578825e-01
5.729403528328735895e-02 1.101542030278541917e+00 -1.127720552109384988e-01
7.363692335729477012e-03 1.066496332322002250e+00 -1.347935076216280337e-01
7.558077114714140121e-02 1.067414235437306402e+00 -1.361160917705557805e-01
2.972799050240065855e-02 1.033071088483368927e+00 -1.575557496946270453e-01
5.551488232215601171e-02 1.034847995427947476e+00 -4.030808421731056634e-02
6.623694624266096564e-02 1.015111149758355813e+00 -5.646170826838047690e-02
5.539287704902606801e-02 1.022790981551779721e+00 -4.078366383925207533e-02
6.412617523788560758e-02 9.981139245736769805e-01 -5.497625404890318923e-02
-5.199934978567478661e-01 -5.162761106760953289e-02 1.152520905863733125e-01
-6.754022359581277613e-01 3.179913426005603894e-02 1.602049036936638582e-01
-4.834057051272468430e-01 8.671626815047461800e-03 3.004303265017737104e-02
-6.148080450695256882e-01 1.330827323024670050e-01 6.397095447658839029e-02
-5.297464453437503717e-01 2.844181600337005733e-01 -1.270423316479242781e-01
-6.307952588320705489e-01 2.960535592524073945e-01 -1.250878725073270303e-01
-5.067969913467513798e-01 2.763271955987277040e-01 -1.933516271277086196e-01
-5.946242428507384492e-01 3.024530206684482581e-01 -1.960273587037977550e-01
-5.091696301560029170e-01 5.413474157136934917e-01 -2.748549106033565392e-01
-5.744802905741099863e-01 5.021674364829828985e-01 -2.998229705034369252e-01
-4.947212716391220511e-01 4.906768437283715589e-01 -3.297997875317835170e-01
-5.535140639950009156e-01 4.507398957102706216e-01 -3.549685069237956681e-01
-4.675408806977547904e-01 7.369040496314017696e-01 -3.539400176929063391e-01
-5.126798569250133886e-01 6.651908875099926677e-01 -3.940847535693291492e-01
-4.539835008711083919e-01 6.615956476288317178e-01 -4.018342987320642212e-01
-4.959964943442854990e-01 5.816069933736632835e-01 -4.393909754846778148e-01
-4.081177193899712674e-01 8.821409753449760416e-01 -3.846072203743448048e-01
-4.436701495424750230e-01 7.930811979917375965e-01 -4.312889519838495889e-01
-3.932595938897056054e-01 7.959186929640577057e-01 -4.276607115786841273e-01
-4.271117756029418344e-01 6.961530030938706259e-01 -4.703705954275030909e-01
-3.361286738657559003e-01 9.841821259272841571e-01 -3.829408836600915467e-01
-3.701327071945664793e-01 8.901313404488503389e-01 -4.294176999539512929e-01
-3.188851563235786113e-01 8.968436382362838799e-01 -4.224696233696833558e-01
-3.512275463683565691e-01 7.929757194358968420e-01 -4.647284964127927909e-01
-2.554872154405499751e-01 1.050774231230332090e+00 -3.621825742356690192e-01
-2.929986839078764782e-01 9.613724503489313733e-01 -4.044141654244065576e-01
-2.356929528605811730e-01 9.688162811765174132e-01 -3.989228602629150688e-01
-2.708178980219965171e-01 8.722047553623997196e-01 -4.374404479301560733e-01
-1.666991092620206949e-01 1.087990752497090430e+00 -3.295053563013060627e-01
-2.116906611386531467e-01 1.012491382174077081e+00 -3.671688475634646287e-01
-1.416305255431373200e-01 1.016198314293995209e+00 -3.635160290209141776e-01
-1.828469006225790783e-01 9.364595477750978780e-01 -3.982225611689496070e-01
-6.758287967731252399e-02 1.101708494677414940e+00 -2.897615302492221323e-01
-1.216091874806761175e-01 1.044234308110446374e+00 -3.210452463693568292e-01
-3.893087931879563035e-02 1.042377499219849346e+00 -3.215622790966445321e-01
-8.776999096925425237e-02 9.839134469524436488e-01 -3.509671063514740452e-01
3.733104865422615104e-02 1.094501851294215733e+00 -2.426493152777562667e-01
-2.402230883478362333e-02 1.056140854058804868e+00 -2.677849492751563920e-01
6.768762572088282692e-02 1.047955628292593033e+00 -2.722717606496858345e-01
1.250594234850110897e-02 1.011283476690322258e+00 -2.965688789899991740e-01
1.372256751973050803e-01 1.070639217796709008e+00 -1.824670187577044356e-01
7.678584150589873314e-02 1.047511575655387439e+00 -2.027528984607714635e-01
1.657566098682015376e-01 1.035537898259494050e+00 -2.083056188718438451e-01
1.113515620518163718e-01 1.015305449409389382e+00 -2.283615052681090551e-01
1.904617727903945568e-01 1.033795392486662967e+00 -7.917467439815421837e-02
1.682604757602467471e-01 1.015538427855876336e+00 -9.122499073863984953e-02
2.051513707763966687e-01 1.014974108502448624e+00 -8.715359043785601834e-02
1.858139155840419776e-01 9.964127286407246098e-01 -9.826053665465293852e-02
-9.445813304328950499e-01 -1.487215740446248824e-01 2.728445139100962868e-01
-1.182561492053612273e+00 -3.122225569738207307e-02 2.728140703887678153e-01
-8.701418981433985955e-01 -1.089370807234493477e-01 1.326488456061884758e-01
-1.068482163041040822e+00 5.574035647639691282e-02 1.186940414855111314e-01
-7.752625848010518128e-01 5.535243038392062553e-02 6.528061140406074667e-05
-9.421632675325529727e-01 1.025182463826357360e-01 -1.358645789511460540e-02
-7.174611423458693293e-01 4.477460276958819541e-02 -1.013582127033393204e-01
-8.583879773262288460e-01 1.178083779405617593e-01 -1.222413604940886106e-01
-6.297333058774239323e-01 2.402443993708632819e-01 -1.786637989538146509e-01
-7.429826436637700926e-01 2.361309823419780463e-01 -2.021229773859189727e-01
-5.870711899940720402e-01 1.966620269328004655e-01 -2.526745214633817627e-01
-6.840478728388531549e-01 2.043685394570040337e-01 -2.785688268601202444e-01
-5.040621195605778926e-01 4.070551513130726828e-01 -2.866163019608172213e-01
-5.816225214352885864e-01 3.682715906935019601e-01 -3.150660845440410585e-01
-4.693331476270094504e-01 3.430725833396783830e-01 -3.414906926901848383e-01
-5.365111825513112498e-01 3.079477971848623152e-01 -3.692456348758516027e-01
-3.917098835536076962e-01 5.545408201286960992e-01 -3.414240103380477565e-01
-4.448463274190119221e-01 4.955964984934475570e-01 -3.724853202782700268e-01
-3.631577834865692966e-01 4.811907005560744910e-01 -3.830804336209667205e-01
-4.097417935520503707e-01 4.214722818332043985e-01 -4.116286361933958471e-01
-2.901014327148265237e-01 6.803067921305115950e-01 -3.582060596731350133e-01
-3.294113442154381066e-01 6.131258370916017331e-01 -3.891132368458590229e-01
-2.652914738085147550e-01 6.056398797975922621e-01 -3.913108374321496719e-01
-3.001120655843157459e-01 5.360611905083642048e-01 -4.189947920038492035e-01
-1.954318497284952549e-01 7.838796588319989489e-01 -3.506583354218283377e-01
-2.293210198800326172e-01 7.177519726197486571e-01 -3.793902224651163335e-01
-1.722245114879025762e-01 7.134441165184722822e-01 -3.785827044033888700e-01
-2.024043115677788551e-01 6.451139997807185944e-01 -4.041783157939198845e-01
-1.014986974064470138e-01 8.674915643012433009e-01 -3.277782340798255367e-01
-1.372257254173660512e-01 8.106073034134132493e-01 -3.542463684625856701e-01
-7.553443335553577942e-02 8.052212498259100348e-01 -3.523589026478066710e-01
-1.071263235363014155e-01 7.473556778310217474e-01 -3.761451002571950530e-01
-2.629020743169507845e-04 9.325109145334496974e-01 -2.952590985415125546e-01
-4.316283459574027370e-02 8.901716964132471155e-01 -3.183455377179892909e-01
2.891806318817602417e-02 8.809311479070653927e-01 -3.186639426381724927e-01
-8.878997269474608878e-03 8.395324317131744873e-01 -3.399540148153792352e-01
1.115416365633765949e-01 9.771394046512412723e-01 -2.546864683690900355e-01
5.729423311447023881e-02 9.528855364959911700e-01 -2.744396507232416127e-01
1.447906425872484693e-01 9.371574003075479053e-01 -2.787462395470398646e-01
9.694892040895686236e-02 9.160343854279676679e-01 -2.977877344041375829e-01
2.358938860837769824e-01 1.001193929213645806e+00 -2.010810902089834040e-01
1.684466149575236382e-01 9.952561787981448749e-01 -2.189894857192745681e-01
2.739209702598217056e-01 9.714594568704593147e-01 -2.270940997346179713e-01
2.141842599600324304e-01 9.705925881244672482e-01 -2.452705740587195204e-01
3.830677736558070756e-01 1.016296922781827705e+00 -9.225097578267538179e-02
2.921691965533368407e-01 1.007627459637258083e+00 -9.967351685621229918e-02
4.368173811599844747e-01 9.874865798979679532e-01 -1.145413434953363174e-01
3.595465269896667149e-01 9.873963021145100161e-01 -1.229077888702639343e-01
-1.322191532269453518e+00 -1.377383260267415199e-01 3.073263030110240379e-01
-1.602077978315640916e+00 -1.826853854372589847e-02 2.394266111154872700e-01
-1.197414450487861437e+00 -1.471975343482588017e-01 1.351889067605600570e-01
-1.424266174412478714e+00 2.011955720271779713e-02 5.584666463218850713e-02
-1.001326173462867342e+00 -6.194767093154068816e-02 8.340227490772524066e-02
-1.205733378076661699e+00 1.595704318032520330e-03 3.133012688387008804e-02
-9.022715007805313103e-01 -9.392072190768849249e-02 -3.837356451227308396e-02
-1.070139355804715864e+00 5.100849941447327396e-04 -9.685880619491954446e-02
-7.452721008786317158e-01 4.112866743313015050e-02 -6.935540293681331792e-02
-8.887990436295373220e-01 6.273974062453918643e-02 -1.106721787170172749e-01
-6.708455776004306204e-01 -4.756609544878470652e-03 -1.542409826917315874e-01
-7.901184312350947314e-01 3.563038253136768807e-02 -1.983096521709517002e-01
-5.414522882042099861e-01 1.633209526103078513e-01 -1.677376478392881287e-01
-6.422154773932681193e-01 1.553732995988997556e-01 -1.999990056924452475e-01
-4.835920768271035897e-01 1.088304263914421921e-01 -2.257898242655843046e-01
-5.680597802747642255e-01 1.119584990702054972e-01 -2.583544345421819877e-01
-3.771427257976252001e-01 2.949326248879061696e-01 -2.232270636978511136e-01
-4.452715275314704790e-01 2.684081491141203646e-01 -2.497264408312446782e-01
-3.337364682596651866e-01 2.378349861418990463e-01 -2.627393831312914707e-01
-3.912811435924855585e-01 2.172982838998431254e-01 -2.880287905451995312e-01
-2.444842274542591842e-01 4.264471805781169245e-01 -2.468216766921544070e-01
-2.910004870482630901e-01 3.907727253508289644e-01 -2.692392156195825836e-01
-2.115501771558985777e-01 3.708838825495933689e-01 -2.744827337896489916e-01
-2.511150295071667982e-01 3.383063704443370900e-01 -2.949845082589897527e-01
-1.337484974772970292e-01 5.506587174958559316e-01 -2.490279413583105506e-01
-1.684025316246503534e-01 5.133046923080819557e-01 -2.683681665467287369e-01
-1.071356578307448015e-01 4.993879424804073541e-01 -2.698345443942049560e-01
-1.368160966891525387e-01 4.638614639843664511e-01 -2.871559670456628188e-01
-3.297892201207325291e-02 6.659885278682960985e-01 -2.375779911598658867e-01
-6.491644747092045753e-02 6.332182409974834725e-01 -2.549943523298162651e-01
-6.774450677221904860e-03 6.207903816696871413e-01 -2.545649400535380802e-01
-3.412946906546548975e-02 5.898399753429021120e-01 -2.701754486427928037e-01
7.009900416756792429e-02 7.703130448494479587e-01 -2.168659503888128726e-01
3.374706731519694358e-02 7.469983476867994021e-01 -2.329910483217057515e-01
9.861265418476930500e-02 7.325584432461771378e-01 -2.333151001133500768e-01
6.732662169056144452e-02 7.118596411997705209e-01 -2.482020857863558860e-01
1.847990828187653922e-01 8.589193009229809661e-01 -1.887938052434142422e-01
1.363288727317875093e-01 8.491528337543987615e-01 -2.047475552535670262e-01
2.194211767824744141e-01 8.288403080275282830e-01 -2.078138849612941597e-01
1.773777886894952471e-01 8.231817870588357122e-01 -2.233317364015161011e-01
3.236522855403346499e-01 9.283515269335665954e-01 -1.500857856011473535e-01
2.539126703622212600e-01 9.350927916817431962e-01 -1.683131494929251404e-01
3.698892682277155619e-01 9.042295494598751038e-01 -1.752087529121282017e-01
3.088946971115066886e-01 9.172197247581939106e-01 -1.938832329042339819e-01
5.647676199324194179e-01 9.933221702138406162e-01 -6.400757878713200788e-02
4.018730338726409501e-01 9.984505505422008875e-01 -7.591172542169428994e-02
6.733824120157073656e-01 9.530788208543191642e-01 -9.797887809956887240e-02
5.364393949829390218e-01 9.755826034570393990e-01 -1.116579296022044837e-01
-1.562210255889039390e+00 -7.818199780381052122e-02 2.276219849212150759e-01
-1.839564919615873873e+00 7.434949797607837141e-03 9.380635401594342171e-02
-1.384933846991951656e+00 -1.516421661241681984e-01 5.556846430897368488e-02
-1.601454083152153096e+00 -1.903731042211809221e-02 -8.265263754006550723e-02
-1.149198758946259336e+00 -9.390709390266921419e-02 1.122543590377461931e-01
-1.357034567836088890e+00 -3.821868723738042206e-02 1.805022521273859371e-02
-1.010536232550504288e+00 -1.565189077783209204e-01 -8.169374076010772409e-03
-1.175769049766926866e+00 -6.833145899408343826e-02 -1.049165135698506002e-01
-8.245025366011847767e-01 -5.310566612115188989e-02 3.118546328855459349e-02
-9.738241524689367212e-01 -2.100695240215522119e-02 -3.445289405606015432e-02
-7.213373868009466117e-01 -1.055662131533259968e-01 -5.133664079280593484e-02
-8.418607759949712221e-01 -5.178221040210859161e-02 -1.181511652987738137e-01
-5.707454895399238781e-01 3.064045144994101411e-02 -2.424144931001027958e-02
-6.783464805022882960e-01 4.549605554793195727e-02 -6.816685186446573563e-02
-4.931263240571165385e-01 -1.409660286599212498e-02 -7.858190440423401535e-02
-5.810763698437704239e-01 1.526668896024446775e-02 -1.227600614428462356e-01
-3.722338622508101769e-01 1.435865078667102335e-01 -5.807450529507954262e-02
-4.461331527266811370e-01 1.464808288353500743e-01 -8.761019153808864701e-02
-3.166753995246981424e-01 1.061477442332132148e-01 -9.320337506311764109e-02
-3.776886570085289385e-01 1.183630970030890572e-01 -1.224066432438597335e-01
-2.184073659048172966e-01 2.720819452147730799e-01 -7.550964960531339476e-02
-2.685464317011837521e-01 2.679715902679576933e-01 -9.596819842855643101e-02
-1.790876556700503608e-01 2.407954637464938541e-01 -9.848583572524023666e-02
-2.208430749854135566e-01 2.426274728988506435e-01 -1.183221749844475396e-01
-9.622374784636747447e-02 4.046416268419301687e-01 -8.152706097571255084e-02
-1.320219033603753089e-01 3.976275015794554224e-01 -9.670192567705762632e-02
-6.707062451976406048e-02 3.782568952402878271e-01 -9.759567348167416667e-02
-9.713024726979166412e-02 3.752476920318611464e-01 -1.120826819503269872e-01
9.898984775143393477e-03 5.369805384756753952e-01 -8.019394910309511626e-02
-2.118876688936921493e-02 5.304516195258706102e-01 -9.266459119224770835e-02
3.606041087572911530e-02 5.141686697913483428e-01 -9.268786628259276239e-02
9.853832649865917892e-03 5.110153988244885426e-01 -1.045287142359623000e-01
1.141564133153304683e-01 6.649146533743262033e-01 -7.309613480607332625e-02
8.064423211804133684e-02 6.617715061755700123e-01 -8.534207515954887746e-02
1.420728997787001902e-01 6.446987516750847247e-01 -8.549143819050368520e-02
1.136216954088547088e-01 6.450930633154916549e-01 -9.730155863823761186e-02
2.291162874888399426e-01 7.820475013396366304e-01 -6.105955854989356807e-02
1.845263318022910548e-01 7.851457612318483159e-01 -7.566917111034307530e-02
2.650504157940619665e-01 7.628357316247081910e-01 -7.677395572841291815e-02
2.268531522277289769e-01 7.704817591167257840e-01 -9.124190347559299474e-02
3.728348185972926165e-01 8.832346190577856637e-01 -4.231231186005665612e-02
3.052311213367768783e-01 8.957349122360191984e-01 -6.306372051145471558e-02
4.259876132905170421e-01 8.620467544595514786e-01 -6.572315684638928290e-02
3.675679412711785332e-01 8.811609942979806709e-01 -8.668401198299589827e-02
6.671130199175977493e-01 9.755629554044457086e-01 -3.690862726449549436e-03
4.657452626940516982e-01 9.929551241921268367e-01 -2.819055943371395409e-02
8.218917670529901631e-01 9.295733803352137503e-01 -3.850766690591819752e-02
6.545480938755006139e-01 9.696020151441552271e-01 -6.386928327129358374e-02
