2.199098837659265726e-01 2.749218936684241665e+00 -3.050037036881114369e-02
2.555491539434825432e-01 3.736987039389111587e+00 -2.871000267862119926e-01
4.874935472440300455e-01 2.098629894373952087e+00 -7.266112290724797973e-02
2.491216095821586762e-01 2.680048810346890242e+00 -2.937094700212923293e-01
3.642480480315529734e-01 1.790354256874158390e+00 1.231737735505504527e-01
3.050676781108995206e-01 2.066503777404343545e+00 2.898664925756265845e-02
4.151379147060595964e-01 1.585680630409591174e+00 6.508736808846901645e-02
2.902910784450504211e-01 1.765074740744269732e+00 -2.780199260784603499e-02
2.650362606716140101e-01 1.401609781240419128e+00 1.341247881842637379e-01
2.120642413405319227e-01 1.526811290954864786e+00 7.671971142413237799e-02
2.754023927028706464e-01 1.297774611171326642e+00 8.783396840228961666e-02
1.963754624150560735e-01 1.385046687027788659e+00 2.913107094140626740e-02
1.554511864767706975e-01 1.164128439250779135e+00 1.290472412844805017e-01
1.143114704653996894e-01 1.248823233004033417e+00 7.854234463012109424e-02
1.650147900806383239e-01 1.085791195139069076e+00 8.439959946710411109e-02
1.078671679183003662e-01 1.148117120797946589e+00 3.322510342018648866e-02
6.416613396767689714e-02 9.648485694906859811e-01 1.261915501704207743e-01
3.867911402194462722e-02 1.047090629117775951e+00 6.674220837174529852e-02
9.531928105263151596e-02 8.840767468209272950e-01 6.960383248702961545e-02
5.593550343505326872e-02 9.479075872909902278e-01 1.064619185566644845e-02
5.471512270841666359e-03 7.480494165358974046e-01 1.279913605338488802e-01
-1.542044681762611003e-02 8.503106545980276820e-01 4.301809634445571268e-02
6.068632217230596204e-02 6.464520522701299177e-01 4.152910581082486230e-02
2.563697345822510409e-02 7.302738120869054494e-01 -4.289098767293911263e-02
1.640595784295111326e-01 2.287093796107341426e+00 -3.029588213488028092e-01
2.704695748414186474e-01 2.906440324768793548e+00 -6.198200821527736215e-01
2.774620161901233950e-01 1.822990916556442409e+00 -2.062656008023750209e-01
1.595902694673865252e-01 2.168365475440114043e+00 -4.584250574095614095e-01
1.593728638727138769e-01 1.738187371101388656e+00 1.472635995325682345e-01
5.335729088890894811e-02 1.916923013557345623e+00 3.585649989062436593e-02
1.049111996120989376e-01 1.560734623211175176e+00 9.821357226262769635e-02
-2.829076670939878468e-02 1.674733217920016726e+00 -1.199976383280228036e-02
8.843065379668774151e-02 1.442499546074638594e+00 1.995576257123865271e-01
-2.399771072104694980e-02 1.534475693518464245e+00 1.253272768613767629e-01
3.647184263414982031e-03 1.328016289567973907e+00 1.445959626822180544e-01
-1.159809679543177263e-01 1.390975289045773833e+00 6.610818534715977302e-02
2.222509049973558914e-02 1.239200284498710225e+00 1.833438360290394475e-01
-4.656362604722047438e-02 1.307516098329630339e+00 1.186704745442128395e-01
-1.225332873837658987e-02 1.137059984510350175e+00 1.328020824645152753e-01
-9.257319551673981461e-02 1.184463490286681076e+00 6.740991606615795440e-02
-1.832925849471028767e-02 1.065802137249817649e+00 1.535680747400408608e-01
-4.700393695677301809e-02 1.122228203325934759e+00 9.666075417256579649e-02
-2.814983617016597606e-03 9.788776591271742822e-01 1.011569728002162938e-01
-4.244958162244255595e-02 1.020450511507879687e+00 4.490195494579757307e-02
-2.558654536503979227e-02 9.289920162187030872e-01 9.414467870566535501e-02
-2.915448379745883001e-02 9.684394179851401052e-01 5.329939606912277583e-02
8.828185448797154500e-03 8.731300336145215724e-01 4.940114402138851696e-02
-7.217507392484057149e-04 9.047789284723400938e-01 8.610241824290683701e-03
2.107192578684058404e-02 1.608145288792394156e+00 -3.629354206064306365e-01
6.485536440729322560e-02 1.807517154399198578e+00 -5.211190213940244398e-01
-7.261429248611672715e-03 1.432934288412556434e+00 -3.234457292590474653e-01
-3.890894747359974204e-02 1.539119072413104972e+00 -4.501899929600712835e-01
-1.111714394554471630e-01 1.561900183995049263e+00 4.019739031969188359e-02
-2.775586428160753405e-01 1.631990544044907621e+00 -5.487372944207740549e-02
-2.717446661543375108e-01 1.424571258719488087e+00 -6.559923980090591467e-02
-3.827318392251011225e-01 1.477260518760851848e+00 -1.665279552603714519e-01
-1.052499206127470721e-01 1.403236344804483560e+00 5.940205470219458994e-02
-1.841465167677576176e-01 1.466722529166207822e+00 -2.784382960774322777e-02
-1.807141646369931909e-01 1.254029348831668500e+00 2.462883251142308685e-03
-2.638697847559403620e-01 1.292646614302298325e+00 -8.168789728180408938e-02
-8.763284679657479259e-02 1.226284133180603586e+00 6.351924012975786182e-02
-1.130037816422104213e-01 1.272977784377546939e+00 1.612631354579281359e-04
-7.646182237006748927e-02 1.107551006973080288e+00 1.506191518200212034e-02
-1.144865844390555165e-01 1.137110566798138489e+00 -4.548387268557184393e-02
-5.840852103262494932e-02 1.083690302498914182e+00 5.306594474148913776e-02
-5.281422586979861444e-02 1.114472402699071996e+00 1.439488100508526033e-02
-9.254807538529641331e-03 1.016180111520975204e+00 1.111905221781360996e-02
-9.422856832697279472e-03 1.039451354932984461e+00 -2.736423660061019017e-02
-2.626875724607119489e-02 1.001369133312208337e+00 2.178224330485243818e-02
-1.396953297855069165e-02 1.014536884449580567e+00 7.454226317040734372e-03
9.007826596022006083e-03 9.816829727161191510e-01 1.425091683617989114e-03
2.124816883419961000e-02 9.935110213964140069e-01 -1.362193180119149021e-02
-2.896851260963166919e-01 9.684162931780704309e-01 -2.290225812291380447e-01
-2.640934266364372562e-01 1.038982876856856308e+00 -3.821120154448649497e-01
-2.952896686420818928e-01 8.930861532759780674e-01 -2.394779201804703439e-01
-3.051320807934281842e-01 8.293372632581561543e-01 -3.672145766006533196e-01
-3.076526803604340277e-01 1.437767075345679046e+00 -1.761087248044666265e-01
-3.478840245488852845e-01 1.307421737922977112e+00 -3.796472086524223521e-01
-2.770170793324466252e-01 1.299704462484835066e+00 -2.561486168493097293e-01
-3.381158391059498336e-01 1.036835094972439197e+00 -4.326051622414305853e-01
-1.536568667248222608e-01 1.353401749126259990e+00 -1.277177576658656000e-01
-2.819146327362033744e-01 1.203643358109958816e+00 -2.143299064347306271e-01
-1.236110352530990220e-01 1.237285029927696289e+00 -2.107581051867524757e-01
-2.390039535168207441e-01 1.065117561845148719e+00 -2.915967524980895842e-01
-2.329558793114733239e-02 1.208225377747164764e+00 -8.918159007782237857e-02
-1.359590999190813942e-01 1.129102525636669352e+00 -1.433078815285334373e-01
-3.008421828028740030e-03 1.133177145481118142e+00 -1.494385774075760731e-01
-1.029066543505280373e-01 1.057404756622391417e+00 -2.019987848979935829e-01
4.001829149617897041e-02 1.090560415994355825e+00 -5.443544682106137012e-02
-1.642930508135387324e-02 1.056883340625089263e+00 -8.819936317025942052e-02
5.023932947369480484e-02 1.053174274514163233e+00 -8.682026681904848886e-02
-5.561173948365194519e-04 1.023166260101907588e+00 -1.188490170937260976e-01
3.687765148689525763e-02 1.031906772707884334e+00 -2.816718709923624053e-02
3.835441461556676757e-02 1.000200933364287392e+00 -2.379055759461862554e-02
3.139231751825760641e-02 1.014313382353753568e+00 -2.645915657159399192e-02
3.309396198041814063e-02 9.836220506860156032e-01 -2.182056774858003034e-02
-5.693694830783968541e-01 4.244867847622709189e-01 -1.186164258564153529e-01
-9.260874753440475615e-01 3.477845323211760653e-01 -8.503978161392511392e-02
-3.896104539215420326e-01 3.231480737689044203e-01 -2.514918932599341517e-01
-6.153921315087411692e-01 3.308306661704663032e-01 -2.379905300784659339e-01
-2.988841747129964421e-01 8.523019018527332458e-01 -3.228383397991933523e-01
-3.811065303400096305e-01 7.360041557948591162e-01 -4.041100576070803529e-01
-2.406070351388224227e-01 7.187715992599021941e-01 -3.859497011088861007e-01
-3.039725567289291996e-01 5.798426503878861826e-01 -4.514651661750396228e-01
-1.090116718344214530e-01 1.058752017448559624e+00 -2.906668318060656730e-01
-1.722994650036432929e-01 9.202085802903798850e-01 -3.547047538168318637e-01
-7.266344496617049842e-02 9.271522176939842597e-01 -3.455207315342676555e-01
-1.255541315614661091e-01 7.743756992837282915e-01 -3.971852756095810011e-01
4.985717171808329296e-02 1.088632656245813513e+00 -2.241139008578400815e-01
-3.373152826731173892e-02 1.002595430292561929e+00 -2.700458814122445039e-01
8.206116097264443132e-02 9.936088049148328327e-01 -2.763370784212124676e-01
1.173236288467760513e-02 9.103367687524621665e-01 -3.178443390297224780e-01
1.869765589370354641e-01 1.064678599409144999e+00 -1.479023004995957125e-01
1.048318712155174859e-01 1.035041755057779955e+00 -1.921940612649058466e-01
2.182756408262852554e-01 1.009013248808300123e+00 -1.961065777541210475e-01
1.477501651554281592e-01 9.868039469210123649e-01 -2.392694078665264235e-01
2.779712799653895616e-01 1.037678453065831619e+00 -5.966810251869957699e-02
2.294254022182975750e-01 1.027896434488519528e+00 -9.288989173016296008e-02
2.981780299797325284e-01 1.008466393567414743e+00 -9.161973469090746447e-02
2.554163654822770857e-01 1.002951485320188185e+00 -1.238441954189918870e-01
-8.355537551234445415e-01 8.525654498305235141e-02 3.479812405579297413e-02
-1.499439967305300270e+00 6.946312850720770538e-02 2.318530625735649303e-02
-4.654278712706472754e-01 -7.822996170950949346e-02 -1.043988942623641364e-01
-8.731571312892808523e-01 7.684191404634932443e-02 -1.351021028197357254e-01
-2.266463336893075886e-01 3.723374690408770005e-01 -1.346975720151100120e-01
-3.599976475822103672e-01 3.300624187351757777e-01 -1.734209050094026316e-01
-1.379619655445200044e-01 2.798717302730792111e-01 -1.790796308157658612e-01
-2.272736339395330929e-01 2.642692999879038829e-01 -2.122703018929038565e-01
1.280919108160136211e-02 6.250829744943369182e-01 -1.421827682866750597e-01
-4.534528608051804910e-02 5.865952782486691941e-01 -1.690749994721851557e-01
5.299373646358807033e-02 5.615578169131038022e-01 -1.695451819817266337e-01
1.074821990813665251e-02 5.322771470229458179e-01 -1.921467926131739390e-01
1.805158302457004482e-01 8.044351803412691515e-01 -1.138195759717148953e-01
1.212174970721619227e-01 7.822161038196416838e-01 -1.427712566803619187e-01
2.178925195690465388e-01 7.537718453137892682e-01 -1.455567103537702411e-01
1.717313906272529278e-01 7.403752688694668072e-01 -1.725678634686641233e-01
3.556638725561005465e-01 9.087157590226545567e-01 -6.149054996985711674e-02
2.691567113089521901e-01 9.192867833531159771e-01 -1.105884839714043194e-01
4.111349566263058364e-01 8.703815369622872611e-01 -1.131720541612262348e-01
3.406503860806944783e-01 8.929740283703087034e-01 -1.624270399267309928e-01
5.889867024561634690e-01 9.704968675879084294e-01 3.100348033781161888e-02
4.545490427148694002e-01 1.011800525433037112e+00 -6.505054014668942841e-02
6.823346216947500098e-01 9.272043921598835947e-01 -6.363982642220201991e-02
5.685030386913891842e-01 9.843035091696217265e-01 -1.601113887563790916e-01
