1.987399663871182165e-01 3.356397268231491982e+00 -7.136755335326691596e-02
1.738285974115432175e-01 4.053356127514014418e+00 -2.043815380511724566e-01
3.584034649418927909e-01 2.799116773849502859e+00 -1.131068172999004778e-01
2.249045128161533125e-01 3.330546756740839776e+00 -2.377214970665909033e-01
4.120305888312523201e-01 2.480680447247288534e+00 2.788046818009293909e-02
3.745011692644903967e-01 2.812077770588605752e+00 -5.202181818410802489e-02
4.938753903628688713e-01 2.206072998883731984e+00 -1.680016943012605998e-02
4.075237121375956395e-01 2.465618957868581873e+00 -9.413498356889520025e-02
4.318537576603260764e-01 1.999834378210288532e+00 6.200263091283084171e-02
3.964425041800773708e-01 2.179733541803827279e+00 9.019421680698759200e-03
4.749446552360892526e-01 1.846837830415255510e+00 2.377635152732857776e-02
4.147320694925327178e-01 1.991072661006603628e+00 -2.860354442737893937e-02
3.872707704061914002e-01 1.702486867723956854e+00 7.269889246979678588e-02
3.565349684273019237e-01 1.812298406258768368e+00 3.401239049038670692e-02
4.111621787056212174e-01 1.606862792304294629e+00 4.094115538128559328e-02
3.663169750014787507e-01 1.696717191126456026e+00 2.219137772735157044e-03
3.237720552320570988e-01 1.498168734927863399e+00 7.482173877180504917e-02
2.975734624348319590e-01 1.573045720004357273e+00 4.373067833089498702e-02
3.386384929449219872e-01 1.431218812381984673e+00 4.757502168176513946e-02
3.034634566194569505e-01 1.493575886221074400e+00 1.629516234256009333e-02
2.580643987919667426e-01 1.343490158914007804e+00 7.410682078272701201e-02
2.357991477156536064e-01 1.400358114041444502e+00 4.666377982047335837e-02
2.695392762420861232e-01 1.291097577519932926e+00 4.923550744452558081e-02
2.408942506058308064e-01 1.339192237983222400e+00 2.163188235950399760e-02
1.962560290410119146e-01 1.215386923641310624e+00 7.288375008060325733e-02
1.773030414779975805e-01 1.263330393172533483e+00 4.643478364320927781e-02
2.076926691073645581e-01 1.169901813812288305e+00 4.838823640775710699e-02
1.837052696427807497e-01 1.211022999411485168e+00 2.186778622132123581e-02
1.404951972519989933e-01 1.100177368806651623e+00 7.209978902869929041e-02
1.242467145155862485e-01 1.144753513817351021e+00 4.450424256238615095e-02
1.540988489043032816e-01 1.056901103260545982e+00 4.602127045019498847e-02
1.334923358884023969e-01 1.095653614241955065e+00 1.845341443094902778e-02
9.168043600660194525e-02 9.885254027832015566e-01 7.208585089482349995e-02
7.737593046916935169e-02 1.033773879042826804e+00 4.120562552336068385e-02
1.090280851615106628e-01 9.439983669005350686e-01 4.227034078996212002e-02
9.064761823113656747e-02 9.838628232322231826e-01 1.150117191176166370e-02
5.072932504399901843e-02 8.727895055305968652e-01 7.283022311152255457e-02
3.716463490809973624e-02 9.223371595780515131e-01 3.606492357218420847e-02
7.298198296282365494e-02 8.237756170086080187e-01 3.658336680815549996e-02
5.535647898564316494e-02 8.680025268065741928e-01 -2.135598205448114995e-05
1.942955118965733474e-02 7.452819566176763777e-01 7.403267708542082826e-02
4.431362686895701231e-03 8.031181089087021663e-01 2.774825861089628976e-02
4.727610190951225810e-02 6.879569948703517790e-01 2.761099140841822772e-02
2.801497620154003165e-02 7.402337620491123982e-01 -1.851706867801510004e-02
1.357947695928340970e-03 5.967154935121701254e-01 7.500188987305336785e-02
-1.920300673091049348e-02 6.679441544454597368e-01 1.366488073282648083e-02
3.460365908799978296e-02 5.257312351771783465e-01 1.280431674811083678e-02
9.361359106246441852e-03 5.908701656885674280e-01 -4.846373074824127103e-02
2.186169584625674567e-01 3.156420402229981992e+00 -3.632413960611532988e-01
2.454242341240774339e-01 3.771866484218995730e+00 -5.668786395921976418e-01
3.675896012136503632e-01 2.626586812837714113e+00 -3.150364204838307924e-01
2.848564319015809421e-01 3.089411451336081527e+00 -4.958153864998511851e-01
3.694205808395817359e-01 2.399958363133062544e+00 -3.761999661415745683e-02
3.359022407953011768e-01 2.687140409082698245e+00 -1.432759756500817105e-01
4.298165880924716409e-01 2.138064375394369776e+00 -4.915517045413631686e-02
3.506450517981593018e-01 2.360201154401848633e+00 -1.481517021537014367e-01
3.697551694265077127e-01 1.973556312431618665e+00 8.764575761335417770e-02
3.216034673196644933e-01 2.129979527046067300e+00 2.308950682477725613e-02
3.869378062009529717e-01 1.825494821530515788e+00 6.168642377155504619e-02
3.171733901880126050e-01 1.949743573728978108e+00 -1.456401285159652581e-03
3.221456470233904357e-01 1.702735912118423345e+00 1.355624470906645618e-01
2.737131331797576506e-01 1.799639174912196937e+00 9.012229213611101797e-02
3.200556457715101333e-01 1.607563215741594220e+00 1.081957661374686602e-01
2.599064928905461258e-01 1.686278669097994953e+00 6.253625271955899623e-02
2.620739948643587836e-01 1.511921463830179224e+00 1.517331524987487190e-01
2.183038467392750537e-01 1.579083724472040373e+00 1.157071507650306447e-01
2.535930660585968832e-01 1.442646075549996798e+00 1.259770785340891541e-01
2.024243722647884880e-01 1.498153036465718291e+00 8.938468595214418833e-02
2.023132946599770776e-01 1.364371895443464933e+00 1.545512101502261038e-01
1.649960993203157256e-01 1.415908780232370212e+00 1.230933893901349219e-01
1.946330869844168920e-01 1.307979206163201180e+00 1.302056518124129203e-01
1.518722908825402840e-01 1.351137997863596674e+00 9.829202683536143736e-02
1.473975866287103309e-01 1.240470126700078612e+00 1.517044735448941084e-01
1.172521677542677776e-01 1.283913789860412713e+00 1.220326384654515650e-01
1.448171273579818286e-01 1.190200879806984968e+00 1.275527733077402304e-01
1.101314899691532290e-01 1.227002130340813402e+00 9.767836469533666688e-02
9.895204508539168220e-02 1.128754596065737692e+00 1.461709567284480427e-01
7.610271276188274037e-02 1.168613895112952106e+00 1.164083877532281347e-01
1.039954904968990734e-01 1.080853179404735132e+00 1.206774568742416537e-01
7.703981276554960900e-02 1.115031234089985945e+00 9.097088760058409662e-02
5.779876742716721916e-02 1.021965400088185705e+00 1.384332663991895696e-01
4.180756244058242421e-02 1.061281277633545184e+00 1.070387289377228018e-01
7.170085188815933375e-02 9.741083517911617307e-01 1.099399428032111353e-01
5.183526366126184337e-02 1.008293814399068067e+00 7.879956320237224698e-02
2.497251297094743583e-02 9.151337488830151301e-01 1.272029926295180635e-01
1.454740107137264538e-02 9.561360316032323503e-01 9.269075437814444651e-02
4.760666244755915044e-02 8.656572351775053686e-01 9.398645540849373536e-02
3.346631139281658340e-02 9.018574668539803829e-01 5.982550330088474283e-02
2.368107036030575596e-03 8.047913136732361972e-01 1.093306979356956227e-01
-5.276546083663569142e-03 8.490714792635569719e-01 7.016584752166052374e-02
3.160855338218135357e-02 7.523075476092344616e-01 6.969616118616248079e-02
2.039855624661948696e-02 7.920011180477561918e-01 3.084346419391771621e-02
-6.629106061990214238e-03 6.889772353549121764e-01 7.902519186022415043e-02
-1.692272195376376409e-02 7.372336897694717894e-01 3.373066012449730394e-02
2.366009068439897667e-02 6.322498083157199744e-01 3.162416156964929087e-02
9.968913279219643320e-03 6.761011822699919405e-01 -1.357122150077267990e-02
2.650537334530334022e-01 2.767856240038035764e+00 -5.733326230351516450e-01
3.472955183802514112e-01 3.262716811596946265e+00 -8.039178280476335647e-01
3.664198562731765252e-01 2.319779924796305792e+00 -4.540595652228227030e-01
3.406915080269447005e-01 2.686091294607597213e+00 -6.536803995042642645e-01
2.809536063880491708e-01 2.238682025238415640e+00 -9.007625274840182217e-02
2.506837410722683179e-01 2.463088616708372758e+00 -2.030583891438464128e-01
3.050728190720628508e-01 2.015402008865100569e+00 -8.127696073575252367e-02
2.368646314841020284e-01 2.187107699413284312e+00 -1.861384217567952359e-01
2.412802998643662211e-01 1.913920502880056773e+00 9.340010952608415740e-02
1.821060023394610594e-01 2.038000242000456819e+00 2.396598314880849651e-02
2.265116645390275463e-01 1.782410366189763673e+00 7.159323425406900754e-02
1.523886395735615240e-01 1.880530030045308720e+00 3.469419364443730464e-03
1.894688601279694851e-01 1.691830141619518724e+00 1.632834499747072843e-01
1.268779685119594824e-01 1.771504009970388038e+00 1.127329511621128211e-01
1.592364368466809843e-01 1.601603246051242158e+00 1.350979274129140706e-01
8.957053620634308766e-02 1.666196007757408060e+00 8.395078040510667305e-02
1.394031101703640529e-01 1.525341027339882638e+00 1.868030290287309436e-01
8.190555657224807273e-02 1.582774489637400528e+00 1.454440521028815270e-01
1.069353532086486647e-01 1.454674716819256863e+00 1.589875086180497221e-01
4.495767658628035957e-02 1.501949988201870312e+00 1.167429449387644286e-01
9.532086094141584143e-02 1.390398354527515590e+00 1.905780459357989676e-01
4.645253881529221029e-02 1.435803810640297939e+00 1.540558231431699843e-01
6.862657046833220420e-02 1.329254235553953611e+00 1.642389746193216038e-01
1.596647021116820442e-02 1.366947916662791362e+00 1.270873841048285324e-01
5.841922423149231713e-02 1.273711303857451238e+00 1.856078041009881219e-01
1.949332489165356286e-02 1.312339458232553824e+00 1.517792137306430145e-01
4.175549038393683299e-02 1.217619740429737529e+00 1.599646904515123202e-01
-8.426614845892244077e-04 1.249922226962919991e+00 1.258743448372701967e-01
2.899229140016756912e-02 1.168000606329717694e+00 1.758038562801177429e-01
1.967489262824084761e-04 1.202831369331542000e+00 1.434807790714144882e-01
2.413132812285295747e-02 1.115144791366295518e+00 1.496719107771548041e-01
-8.277725518912149028e-03 1.144574071854788988e+00 1.173970353349967355e-01
7.283587546237257904e-03 1.069540811534556823e+00 1.614341136822114442e-01
-1.207418718070102370e-02 1.102193901078508231e+00 1.300110894682114104e-01
1.393000579988995513e-02 1.019588666529492649e+00 1.338891864647713259e-01
-8.848528443158532042e-03 1.047587129871986322e+00 1.026975700462351287e-01
-6.301875601324724574e-03 9.773328349307731644e-01 1.404024059548502068e-01
-1.784447027140667608e-02 1.008259274590335597e+00 1.098952060713215551e-01
9.440107364531935552e-03 9.310308436773541141e-01 1.112837817484573777e-01
-5.132045614162417113e-03 9.580263520719208836e-01 8.104149067653459992e-02
-1.135550315004718591e-02 8.931849479834857997e-01 1.085857924217614595e-01
-1.773827359568269646e-02 9.214112622372098160e-01 8.003025171352573519e-02
8.606334640997526098e-03 8.524577368260333188e-01 7.918669915792879432e-02
-2.097458430503351678e-04 8.775562484011195652e-01 5.078976436594486582e-02
-8.058139963670662986e-03 8.226078858186264275e-01 5.973784149614690814e-02
-1.284366125620400867e-02 8.450720440051985305e-01 3.607087517299767399e-02
8.386789310559750188e-03 7.911534439616352277e-01 3.398439565301793197e-02
1.948441291978852963e-03 8.114602408677895617e-01 1.028401859215864397e-02
2.946056898470524876e-01 2.266384663265546440e+00 -6.631404216409477748e-01
4.110008517951695417e-01 2.619429717758421816e+00 -8.730383140255446595e-01
3.283812653218385336e-01 1.941706428175289822e+00 -5.168468866408778561e-01
3.469957222261480512e-01 2.198494172245567313e+00 -6.961918008996003104e-01
1.480292274105330375e-01 2.026057790289433225e+00 -1.271018899461108798e-01
1.123650015008219594e-01 2.180971313054847815e+00 -2.293345950595570004e-01
1.324865159731115627e-01 1.856996283027670502e+00 -1.210195674788415027e-01
7.297898050324169716e-02 1.974991302763222434e+00 -2.166417644074458415e-01
7.038219673065004844e-02 1.824708387547569588e+00 6.903983618905489006e-02
1.149239560836678997e-03 1.913825814024226135e+00 1.309149457288190941e-03
2.524623964498506901e-02 1.715176148121999811e+00 3.987783990143024121e-02
-4.876977984813901656e-02 1.786088662314236908e+00 -2.742973903997469529e-02
2.352672101414954309e-02 1.660413407572543631e+00 1.414292815757014765e-01
-4.915936862662362294e-02 1.721733174638545805e+00 8.766144140668784279e-02
-3.265848681550176380e-02 1.575897867838915056e+00 1.062402926656233620e-01
-1.059688753694498775e-01 1.625920950601265513e+00 5.145719917248146175e-02
-6.308885198873515066e-03 1.522745172451525519e+00 1.643757890186395010e-01
-7.150269478842186111e-02 1.569982942839365680e+00 1.177724054100300760e-01
-5.885112284920435144e-02 1.448927299392830825e+00 1.314930883289822106e-01
-1.250025086753444592e-01 1.487690499565503588e+00 8.397189080267669636e-02
-2.501927000772996568e-02 1.402402951933205966e+00 1.674135866815390783e-01
-7.929437421971213817e-02 1.441195893121153704e+00 1.256679212808917978e-01
-6.624845192626838131e-02 1.334447849113977957e+00 1.374976144663428435e-01
-1.225526391788456793e-01 1.366257020729551241e+00 9.525525514056754073e-02
-3.537602069800310778e-02 1.294348533676147550e+00 1.615874399666463179e-01
-7.785802040769596033e-02 1.327628975382335152e+00 1.236910108422574761e-01
-6.205984150315413395e-02 1.231104212118690366e+00 1.334090238038102560e-01
-1.073514967834078848e-01 1.258451589186784014e+00 9.539020019868819922e-02
-3.865089596272086592e-02 1.196241582185758379e+00 1.503095599573282815e-01
-6.981559435666045976e-02 1.225525272937191046e+00 1.158899466983242948e-01
-5.090622914768544449e-02 1.138401410098771382e+00 1.227183125110521966e-01
-8.512781010529030246e-02 1.162702990817165105e+00 8.838461823109911020e-02
-3.556489580069710499e-02 1.108149816857373793e+00 1.334501176108197906e-01
-5.685724782039985881e-02 1.133882634752082730e+00 1.027059200220023644e-01
-3.614485950973478356e-02 1.057412790346371922e+00 1.062506399855213668e-01
-6.024697147097984873e-02 1.079139918792626496e+00 7.562275695575668144e-02
-2.705127247810451552e-02 1.032337544726604550e+00 1.092084696641318076e-01
-4.059738109149180207e-02 1.053888746078336824e+00 8.313691934256452198e-02
-2.074395503594983481e-02 9.911234007784972544e-01 8.372036088139120369e-02
-3.649351745422629856e-02 1.009710449464978232e+00 5.766535318799481669e-02
-1.513444478003139748e-02 9.731783247917829005e-01 7.533764127974582059e-02
-2.314086107500468170e-02 9.887843176068976669e-01 5.608799029025394317e-02
-7.791123653816567352e-03 9.445865587601565139e-01 5.485200884739317717e-02
-1.719585251658017899e-02 9.583347629088827535e-01 3.548756841705669879e-02
-4.091916938898931821e-03 9.368250542693965510e-01 3.055384134007085861e-02
-7.617028311185658485e-03 9.437329765178039676e-01 2.172920970205920871e-02
-7.451611354182818836e-04 9.246314792245448055e-01 2.056021598018166474e-02
-4.802891540801712544e-03 9.308291034023865596e-01 1.160668063870154074e-02
2.607705908090257041e-01 1.743584877030060376e+00 -6.343933862617844310e-01
3.681083798433998355e-01 1.951012590061850016e+00 -7.827800517887243403e-01
2.397902650765323107e-01 1.556741564902701658e+00 -5.179235133505476485e-01
2.747611128075775344e-01 1.704718974978609580e+00 -6.442140437412379184e-01
-1.926087812066268334e-02 1.793435525674076603e+00 -1.573072116631584749e-01
-7.014074402331604841e-02 1.880742023498906290e+00 -2.344301869191637300e-01
-5.948681507465924945e-02 1.680778112790307643e+00 -1.768839947627630638e-01
-1.130089649292695952e-01 1.748411983437870409e+00 -2.508554648451172264e-01
-1.084725742008303406e-01 1.708158168858552317e+00 1.009593980344861662e-02
-1.890846310872197344e-01 1.764753649282390535e+00 -5.147549531375425480e-02
-1.767549952920517420e-01 1.618559876269875186e+00 -3.866505434663516927e-02
-2.482155079725737457e-01 1.665264091418626968e+00 -1.011329570453523841e-01
-1.309982959273692238e-01 1.598407811822706304e+00 6.707469036067370549e-02
-2.059757646045364821e-01 1.643549335581303783e+00 1.126948524546200585e-02
-2.033396015403381440e-01 1.514618672141898825e+00 2.236074309077633326e-02
-2.724643222561961009e-01 1.551884166115464536e+00 -3.432934286031564391e-02
-1.285877837788553801e-01 1.486790018891181120e+00 8.614146005287980079e-02
-1.915112254333269926e-01 1.524275303366209089e+00 3.572281429352021365e-02
-1.903599255427012027e-01 1.406228304548951868e+00 4.898972499554441612e-02
-2.516686300323736636e-01 1.436620379851215601e+00 -1.754287176860376378e-03
-1.156066344682553093e-01 1.380431742319509159e+00 9.077597525822907187e-02
-1.650723173359388563e-01 1.412187647228207998e+00 4.582124126386793311e-02
-1.594794241227570075e-01 1.303866316983248508e+00 5.894320369621461331e-02
-2.102238724740578824e-01 1.329239116054298453e+00 1.411694957080070721e-02
-9.736715542640866916e-02 1.281518645019206648e+00 8.889180598760519636e-02
-1.336502178364659676e-01 1.308704916035388743e+00 4.949397030610787340e-02
-1.218808602486208259e-01 1.211525299065938865e+00 5.973173282307551318e-02
-1.607874876246691564e-01 1.233252515572468733e+00 2.064830437035596045e-02
-7.611204077324584816e-02 1.192282108380700478e+00 8.232233182881089351e-02
-1.005483176313572424e-01 1.215480241718835952e+00 4.862134228186931056e-02
-8.398528972936403214e-02 1.131861795390415537e+00 5.455106173849835760e-02
-1.112209925800202726e-01 1.150713313430345552e+00 2.110973916035361816e-02
-5.343726612320592873e-02 1.115675282651805711e+00 7.072866068724531496e-02
-6.823986723718505898e-02 1.134810040381599494e+00 4.315147732583295148e-02
-5.010440674945171313e-02 1.067531638247236625e+00 4.487030817873579464e-02
-6.718478633606278505e-02 1.083513402450863916e+00 1.735775847798800425e-02
-3.148942791713726930e-02 1.055094524733961592e+00 5.365733226537037354e-02
-3.928443291374689172e-02 1.069530719361875049e+00 3.302632926335992425e-02
-2.335303039457253815e-02 1.021106557413334448e+00 3.185841430788372008e-02
-3.263069622501318934e-02 1.033539933893064866e+00 1.109027179149897450e-02
-1.354500093093458091e-02 1.013376022082302264e+00 3.207644419646527717e-02
-1.653773951275966381e-02 1.022350446523740297e+00 1.938250972424103089e-02
-5.783990958280083028e-03 9.940979227566983933e-01 1.728495872585611437e-02
-9.499039353782434691e-03 1.002061814199881828e+00 4.375346660478152648e-03
-3.911892695171836909e-03 9.911167740036950224e-01 9.733742166331441764e-03
-2.948092043885575109e-03 9.945941644204087106e-01 5.329563100253845859e-03
1.871351570320034519e-03 9.851515194007348653e-01 4.021966525564233709e-03
2.690843733463843535e-03 9.883645425649735250e-01 -4.833877047056161255e-04
1.445529369492553617e-01 1.282990633034154726e+00 -5.294300668252519548e-01
2.103201745478555373e-01 1.350270418510689518e+00 -5.828587537773444183e-01
1.196255142241624547e-01 1.229903850571619994e+00 -4.738159557020615309e-01
1.497066275519428613e-01 1.275881284032334140e+00 -5.182042104306932018e-01
-2.040738891907388775e-01 1.562541225522654509e+00 -1.863672532492204881e-01
-3.007063037967604435e-01 1.589101193408049006e+00 -2.319155103121922912e-01
-2.473963180698236508e-01 1.493414903427217943e+00 -2.639979216898123981e-01
-3.096692180863831467e-01 1.519447551740945368e+00 -3.116587231503827327e-01
-2.498091888948138495e-01 1.566117270765077230e+00 -8.612338063549541955e-02
-3.321021741386191994e-01 1.598836024333881500e+00 -1.413846200754229065e-01
-3.215881316634252585e-01 1.483483525506266165e+00 -1.526008482314722414e-01
-3.820372689933960730e-01 1.512776614503393846e+00 -2.087714125810019028e-01
-2.255655403364047462e-01 1.495915803572839042e+00 -4.558297909982710061e-02
-2.886655850065481532e-01 1.527657585534343720e+00 -1.000009649855457400e-01
-2.962997521713884863e-01 1.408303628366143201e+00 -9.235243979415320992e-02
-3.505128231041904074e-01 1.434442491456913160e+00 -1.464601251463304443e-01
-1.853078111019319518e-01 1.406535479579519965e+00 -2.478668506250267939e-02
-2.315020059788138740e-01 1.434819866682798706e+00 -7.401924061806397503e-02
-2.363698084653016451e-01 1.318570278966095577e+00 -5.804668958962366093e-02
-2.816797550267408634e-01 1.340499332694076839e+00 -1.062637218714575921e-01
-1.442543635765720089e-01 1.313339064628499253e+00 -1.080726159298883542e-02
-1.749767284015398272e-01 1.337722876119178395e+00 -5.299863539351899050e-02
-1.685980330515505221e-01 1.231095641618993541e+00 -3.777969370968474461e-02
-2.020001066645315535e-01 1.249615289031877019e+00 -7.883239894191057529e-02
-1.066232539328647588e-01 1.224238130762702381e+00 -4.005617511910923101e-04
-1.230498784896594255e-01 1.245059431267729666e+00 -3.499384455436754804e-02
-1.055435433333737905e-01 1.153678238929535249e+00 -2.527988748415720480e-02
-1.253468920398176367e-01 1.169855706700354325e+00 -5.901639058026174334e-02
-7.368663742903164282e-02 1.145343235007647564e+00 6.396543961903861444e-03
-7.805230103940946629e-02 1.162765626454518531e+00 -2.048698091114075845e-02
-5.416060963593855027e-02 1.090916864283633103e+00 -1.719161938182649924e-02
-6.110504898954011166e-02 1.105180026478414623e+00 -4.367235532897281031e-02
-4.629780795289634154e-02 1.081718735462718461e+00 8.997428562722734752e-03
-4.228421755913736035e-02 1.095485508742958469e+00 -1.025607572746167588e-02
-1.819514639613534213e-02 1.045115596555239224e+00 -1.167470724038247552e-02
-1.550957717209888731e-02 1.057099832901729597e+00 -3.092812055486026182e-02
-2.558266971318806648e-02 1.036285672221679333e+00 7.784076000466172256e-03
-1.771477609221666638e-02 1.046013822375491120e+00 -4.298557281897566647e-03
1.491355009782480145e-03 1.015891813935630772e+00 -7.658473369907333773e-03
9.059905991060213104e-03 1.024861307159024904e+00 -1.994904114301271694e-02
-1.264068839538640132e-02 1.008552853087868906e+00 4.732312725234708896e-03
-5.001036140063697122e-03 1.014335426158938569e+00 -1.451899673336006511e-03
7.104922535852042920e-03 9.998982419769152363e-01 -4.442411160510481051e-03
1.496537604421793732e-02 1.005502839972882922e+00 -1.083824707216958332e-02
-7.443755309791022512e-03 9.942891076777451431e-01 2.841587518215026465e-03
-2.374498737417352068e-03 9.971889263765758571e-01 1.853501482402136215e-04
3.753751617109224448e-03 9.915124767821378304e-01 -1.619901136288549219e-03
9.116163234736851528e-03 9.944346460525310682e-01 -4.411458793275740281e-03
-6.313393764571467726e-02 8.485695843072105227e-01 -3.458555237207149857e-01
2.737584889751343287e-02 9.244326046091981830e-01 -4.277331691686510617e-01
-1.194710996748271636e-01 8.096471615985599835e-01 -2.919071429888290825e-01
-5.530553202943272462e-02 8.403409556266241420e-01 -3.625394519007448246e-01
-3.498860181433549044e-01 1.360171857190399569e+00 -2.579492053714351196e-01
-3.243809746410116213e-01 1.393623864268321633e+00 -4.338443506998719834e-01
-3.646373291339997658e-01 1.263494934384004287e+00 -2.648740782868657662e-01
-3.624329836724230480e-01 1.215002242884176020e+00 -4.276560393093803425e-01
-3.672610541862583178e-01 1.458959301168311740e+00 -1.982603475927099956e-01
-3.982764459067322793e-01 1.402124291417676361e+00 -3.239680064419528938e-01
-3.541917615461966928e-01 1.376187972405692905e+00 -2.396978701472397832e-01
-3.937369899166441867e-01 1.271114810798986250e+00 -3.583036645599113057e-01
-3.029916031643536956e-01 1.440454367087838916e+00 -1.608728816461512112e-01
-3.628404965224156786e-01 1.349566152028864430e+00 -2.430831701362098918e-01
-2.843890861253788871e-01 1.366526530568422215e+00 -2.108565093235222621e-01
-3.449598665275003251e-01 1.251737342745813386e+00 -2.895832438527770059e-01
-2.200165504158856367e-01 1.376798443094979563e+00 -1.326381912977013799e-01
-2.935539693997755162e-01 1.287180614515158750e+00 -1.873320204190133675e-01
-2.027697160450500080e-01 1.311154487158041615e+00 -1.811188998619098767e-01
-2.734287754361209855e-01 1.211854507146392423e+00 -2.343239059076097919e-01
-1.398938898773314787e-01 1.297089170699525118e+00 -1.083347331412929798e-01
-2.146664834841165437e-01 1.224758495238373879e+00 -1.483949727385648065e-01
-1.255443687688765353e-01 1.241584199129721844e+00 -1.512758947263442288e-01
-1.964035479215076596e-01 1.166713645862195170e+00 -1.907079585988985804e-01
-7.222240484074499145e-02 1.216497789917973416e+00 -8.587662107706237058e-02
-1.385008310456587455e-01 1.164680556724109195e+00 -1.183964967163609466e-01
-6.076175208440487419e-02 1.172408344505807776e+00 -1.217120613290578607e-01
-1.234671213578908966e-01 1.120990727199106196e+00 -1.537868816745844580e-01
-2.196391938518649223e-02 1.144877363127393854e+00 -6.489809624333507665e-02
-7.310384799272939826e-02 1.109224829230209375e+00 -9.182749242981218252e-02
-1.349859246186863038e-02 1.111641503621646709e+00 -9.272883333217790680e-02
-6.200181747395150378e-02 1.077138959911338789e+00 -1.191063692161391241e-01
8.716961022115166102e-03 1.088497267790814682e+00 -4.590380561574911034e-02
-2.434220070365789024e-02 1.061490351877839799e+00 -6.576874741509124156e-02
1.362258672291255523e-02 1.063854241574557546e+00 -6.493790386707293250e-02
-1.782085939698874189e-02 1.037876862312936632e+00 -8.416582102558543832e-02
2.041940720319163072e-02 1.049717117558444324e+00 -2.969931734612215116e-02
4.505534935254351669e-03 1.024783128962420076e+00 -4.002568681880843554e-02
2.119547883418737566e-02 1.030842400406360992e+00 -3.952778980296957345e-02
6.089062121321875409e-03 1.006693284493119345e+00 -4.933902024059675512e-02
1.677562548566974288e-02 1.026507187701263479e+00 -1.698063861789423507e-02
1.380271710721331369e-02 1.001449785009940419e+00 -1.697498587313546123e-02
1.369979381201341662e-02 1.011608497751968816e+00 -1.837117733219336899e-02
1.104291200225648861e-02 9.872236445259150450e-01 -1.818746990377890019e-02
4.257254058283643783e-03 1.013069175854708348e+00 -8.120279730970189971e-03
8.196341977839527448e-03 9.915587890329308207e-01 -7.125946204755705419e-04
-8.332383442731794432e-04 1.002563285589631814e+00 -3.811535452664062493e-03
3.190139063456498558e-03 9.816350680886998248e-01 3.396370105582887169e-03
-2.702388399967261545e-01 5.074511631518988652e-01 -1.940425314885383667e-01
-3.220108332788095273e-01 4.904430826032676327e-01 -1.828813477840253721e-01
-2.387748064237235346e-01 5.002997837135981785e-01 -2.226412750761975201e-01
-2.795618130211589003e-01 4.908355534583895841e-01 -2.144269467039108534e-01
-4.254596193849024544e-01 1.003278720366011845e+00 -3.311538162233623184e-01
-4.413380711489080510e-01 9.736269186384123309e-01 -4.224906270372116857e-01
-4.102439865844008104e-01 9.269611612036523507e-01 -3.579340138247162906e-01
-4.305972508003987897e-01 8.635387923279598255e-01 -4.418560257072210451e-01
-4.052331485348100726e-01 1.208491605152781645e+00 -3.307947819128560507e-01
-4.292338133735776884e-01 1.132993343605271486e+00 -4.266192086203992595e-01
-3.848542052729106433e-01 1.118790594881995837e+00 -3.691806023343851551e-01
-4.123313595872538095e-01 1.012068988274451353e+00 -4.575417467949537964e-01
-3.311272701843132604e-01 1.273966200015391070e+00 -3.007594736621795328e-01
-3.731122234342189037e-01 1.178300488247446598e+00 -3.736041369633362197e-01
-3.083689084127287372e-01 1.188027859944746245e+00 -3.449259008857569198e-01
-3.500967452023908688e-01 1.073200441559575058e+00 -4.126940902768944097e-01
-2.425952646223762388e-01 1.277593776084024579e+00 -2.659179480604779156e-01
-2.969259954228570253e-01 1.183685254041347834e+00 -3.189185497003995118e-01
-2.213599812883660367e-01 1.199775295288204369e+00 -3.098763404826902490e-01
-2.730804668588669437e-01 1.096139312983966940e+00 -3.597880841286812958e-01
-1.552338107240410769e-01 1.250061280316995926e+00 -2.310652285236354242e-01
-2.154625575592919451e-01 1.170043459871995983e+00 -2.711306514257674216e-01
-1.365760383177059278e-01 1.182679710981627608e+00 -2.719983508443458153e-01
-1.931302065290280146e-01 1.098935414204373906e+00 -3.103100645935014112e-01
-7.585426408274059673e-02 1.207629495587862811e+00 -1.964350766509767587e-01
-1.354024787278196307e-01 1.145426927835980990e+00 -2.291885237094412608e-01
-5.984384802858694341e-02 1.151635724865617716e+00 -2.330177908269375764e-01
-1.156169968719236163e-01 1.088934775810108668e+00 -2.647528983639740319e-01
-8.823130182444072211e-03 1.160405351415769948e+00 -1.611684487807031052e-01
-6.181170585814671492e-02 1.114060192578227859e+00 -1.895089313200681580e-01
4.431630608267733695e-03 1.115257136248763548e+00 -1.925504210732788546e-01
-4.529990779499198927e-02 1.069761122715405133e+00 -2.201652515373456742e-01
4.194335421914729967e-02 1.115555376869534765e+00 -1.248750468195940211e-01
4.136235728452453131e-04 1.079371135924276359e+00 -1.487353303015379047e-01
5.172528677074117454e-02 1.079391433492509877e+00 -1.499128884488502844e-01
1.259679359539173094e-02 1.044302078139436318e+00 -1.730887130825233267e-01
7.249795425784733016e-02 1.078085437624088927e+00 -8.841568825890709638e-02
4.613628886777748628e-02 1.045049896658300392e+00 -1.050495835537659517e-01
7.738800655623440106e-02 1.048472595242941452e+00 -1.052477564763681789e-01
5.245459977305749755e-02 1.016279597403234813e+00 -1.211955402708083523e-01
7.939030525510287761e-02 1.050654018459640904e+00 -5.425889439249836910e-02
7.042488552910969313e-02 1.015389981629731153e+00 -5.916894254495477096e-02
7.768582375140797858e-02 1.025888185644179940e+00 -6.037287584587561901e-02
6.922515532598855215e-02 9.911137221455283974e-01 -6.475224287221111041e-02
6.120925868460158625e-02 1.033185552123197848e+00 -2.627713572021679253e-02
6.982733876073915491e-02 9.952179737120900871e-01 -1.517791673110152097e-02
5.192949062649654390e-02 1.013829121558241120e+00 -1.937801239310020171e-02
6.029322275875709236e-02 9.760597460237875334e-01 -8.195081289839546354e-03
-5.548845638997947916e-01 2.241027044093819309e-01 -4.839189732936578781e-02
-7.646384026954212709e-01 1.900720441592597121e-01 3.304537702075931865e-02
-4.256154023727525271e-01 2.266666307129052982e-01 -1.388999010229501063e-01
-5.876643530652385650e-01 2.390985181317999420e-01 -7.188238497462724752e-02
-4.951692130263621872e-01 6.611589322323226936e-01 -3.190840856763689781e-01
-5.704131892460522213e-01 6.143455048652533002e-01 -3.604815095145947890e-01
-4.415594462740676240e-01 5.900411984758412443e-01 -3.656173142064061410e-01
-5.051541228248220827e-01 5.374773976104427753e-01 -4.041748101246962488e-01
-4.031824725962889766e-01 8.845412963764133218e-01 -3.812849058992762719e-01
-4.434464087939366528e-01 8.118037370201927061e-01 -4.405070100014035206e-01
-3.688540808708913876e-01 7.998421071453257758e-01 -4.188516900828442302e-01
-4.054227290711837628e-01 7.138076882487792707e-01 -4.725026325298967156e-01
-3.060502631264974682e-01 1.009103896337342210e+00 -3.752427053558353154e-01
-3.414682443612209184e-01 9.235965381475866876e-01 -4.278454075221314046e-01
-2.786448663146722793e-01 9.247102840573619975e-01 -4.110026673245956719e-01
-3.115267733911348258e-01 8.284534245458960999e-01 -4.586213708126062882e-01
-2.110638761458339951e-01 1.072788893381055875e+00 -3.471653255582869968e-01
-2.512557883641862722e-01 9.898418033870793886e-01 -3.886125277536864875e-01
-1.873611964226374882e-01 9.954005379129184927e-01 -3.819392415723106837e-01
-2.244955805053014952e-01 9.062322240418241304e-01 -4.198142087527284572e-01
-1.204739494402393696e-01 1.100023213590757054e+00 -3.125756501257903053e-01
-1.659177477454318317e-01 1.028979357744800316e+00 -3.453544974514592414e-01
-9.941614133455406455e-02 1.032672569324801781e+00 -3.458641539070175241e-01
-1.412791792462613216e-01 9.591300343835427178e-01 -3.763643260706285298e-01
-3.549284251200401918e-02 1.104189127771164403e+00 -2.756779566634361411e-01
-8.394204592618376148e-02 1.049441738120466816e+00 -3.032959193124519781e-01
-1.630070651238008095e-02 1.048250639361058223e+00 -3.071212746533774074e-01
-6.097779277428327926e-02 9.934671237945428279e-01 -3.334180171688036487e-01
4.251661571642456616e-02 1.094021629828213715e+00 -2.366608196880971848e-01
-5.540252964713610062e-03 1.055865863813894912e+00 -2.617811039500084758e-01
6.023688617740846629e-02 1.049551755227790650e+00 -2.659026073748620989e-01
1.576595097673677559e-02 1.012662396012091071e+00 -2.902935251168562436e-01
1.110412018153132119e-01 1.076056234759862562e+00 -1.943131445882442521e-01
6.736627908015130339e-02 1.051360860948767906e+00 -2.179115492747378535e-01
1.269723903813781696e-01 1.041871027522860427e+00 -2.206077444769936335e-01
8.635705974665189300e-02 1.018837103233450891e+00 -2.437502644802500007e-01
1.657364120337080637e-01 1.055878303548120511e+00 -1.474526950175517603e-01
1.310019146956200309e-01 1.038700227557264988e+00 -1.681684997812772087e-01
1.784645736006177930e-01 1.029770857489699099e+00 -1.690930527753798929e-01
1.459762471563411379e-01 1.014017878303842934e+00 -1.894034759040535421e-01
1.998361863570952690e-01 1.038507798735446297e+00 -9.606796793408332868e-02
1.793758507885958309e-01 1.021144781902269427e+00 -1.095182536661331169e-01
2.065267271286340689e-01 1.017928713485844350e+00 -1.096882584778951508e-01
1.872667660866644546e-01 1.001381758782557529e+00 -1.227090964605120349e-01
2.037905040294537562e-01 1.028081804389790577e+00 -4.257169005165304526e-02
2.039925610142344636e-01 1.003191251502008052e+00 -4.073656551288474398e-02
2.000945630826165833e-01 1.011642585850205611e+00 -4.242969670219155776e-02
2.002737969455912481e-01 9.867926363760640696e-01 -4.027928300651649474e-02
-8.656722440591511081e-01 4.641233737925792857e-02 6.467343605650308080e-02
-1.226292142946211250e+00 4.030024034855683723e-02 1.561288832166268237e-01
-6.355549907366313533e-01 2.704715836150353714e-02 -6.056059331077547764e-02
-9.157619105936860571e-01 8.782454523865684815e-02 1.192556871108589600e-02
-5.665597679928056074e-01 3.552448462399450113e-01 -2.509961611389089353e-01
-7.043034515016326491e-01 3.219424232242430461e-01 -2.649020805309144078e-01
-4.713121867704668233e-01 2.881817034169825709e-01 -3.087866630294064385e-01
-5.827438860968336964e-01 2.683866247001701066e-01 -3.233340811312884200e-01
-3.841507278296887318e-01 5.697171646634338060e-01 -3.430582416524348144e-01
-4.479109739574439475e-01 5.142084223906657758e-01 -3.780137804627350384e-01
-3.331126228124366984e-01 4.938915229748102043e-01 -3.792830156907069927e-01
-3.865286486381186992e-01 4.381698193648490003e-01 -4.106971283798539485e-01
-2.528049949320797518e-01 7.207572559400345913e-01 -3.567654077693086512e-01
-2.924225627314629428e-01 6.568764219531317838e-01 -3.905319203623696667e-01
-2.193061739996826631e-01 6.475368399426844057e-01 -3.851888944115542390e-01
-2.535454268035176595e-01 5.810445032332081094e-01 -4.151190641543547888e-01
-1.463864097472533099e-01 8.274821569716659386e-01 -3.411405686926030079e-01
-1.804375149298422243e-01 7.656597175592884108e-01 -3.693975754083799190e-01
-1.207393801349119222e-01 7.608785528356419858e-01 -3.666285824263646465e-01
-1.508303086420046402e-01 6.972653172167653235e-01 -3.918140873208338371e-01
-5.249973526350876218e-02 9.008255048567298529e-01 -3.144256570600885703e-01
-8.802888610454262519e-02 8.484504493475939491e-01 -3.379968203118571268e-01
-3.037699104137797645e-02 8.431905836246559316e-01 -3.389591464658645581e-01
-6.219155652575264481e-02 7.905618868045332093e-01 -3.604416478053246164e-01
3.523829528695615609e-02 9.494303603862546126e-01 -2.831588591339476713e-01
-3.718639506705867515e-03 9.107439930448832932e-01 -3.043468986535475818e-01
5.615045838512189302e-02 9.020158064891228289e-01 -3.076907577304776042e-01
2.095721495055047345e-02 8.644361680234271539e-01 -3.276677808710582451e-01
1.200665991103074537e-01 9.794379132340736982e-01 -2.485931957784259516e-01
7.787030971516653577e-02 9.562066141896478078e-01 -2.697605253800586800e-01
1.412105615697527017e-01 9.426321497867299337e-01 -2.737334414594515541e-01
1.028129592227112754e-01 9.214385774317004341e-01 -2.943547014141001950e-01
2.031880754060712280e-01 9.956663677055709316e-01 -2.094105223067502797e-01
1.590620773209014405e-01 9.873135229994032258e-01 -2.323597164327709796e-01
2.253186083908710891e-01 9.688834684225586802e-01 -2.354962801297035557e-01
1.848884708691946321e-01 9.630279765345889365e-01 -2.583179972277622749e-01
2.838199241423104979e-01 1.002515421098158166e+00 -1.628348036351676964e-01
2.399586077810502149e-01 1.005829314066896130e+00 -1.882787086896018647e-01
3.067914001882114938e-01 9.839330618354504843e-01 -1.896844781811766190e-01
2.663227080744279274e-01 9.897649252824169963e-01 -2.151719894224574381e-01
3.585602249753808701e-01 1.004796364507270612e+00 -1.052897314564427839e-01
3.183110354584528512e-01 1.013296404166460052e+00 -1.320319928476543225e-01
3.807865351279903776e-01 9.910667797924003208e-01 -1.316014513652331297e-01
3.433770122186754481e-01 1.001727775088610439e+00 -1.583373428130745164e-01
4.199846859644654207e-01 1.008451410741241006e+00 -3.315467800742356169e-02
3.886094126444076258e-01 1.011630280660717585e+00 -5.664696249294177977e-02
4.375144284511776060e-01 9.946229845577623241e-01 -5.536557341609447264e-02
4.081217529359023044e-01 9.993063800340262759e-01 -7.865333447796546418e-02
-1.140169109967308803e+00 -3.520044756389245633e-02 1.112048750390597918e-01
-1.609478545290291329e+00 -9.197075208815852498e-03 1.592325091778608037e-01
-8.213352327711394008e-01 -9.354344229197877891e-02 -1.313948304471615133e-02
-1.185641788809840058e+00 7.660942024880434964e-03 1.934706451736545318e-02
-6.316218608807127044e-01 1.301626272983488763e-01 -1.452109400247481863e-01
-8.196299586133766191e-01 1.220646121991185162e-01 -1.574350690482754223e-01
-4.974269061096636690e-01 6.550736342921445465e-02 -2.033900653382058055e-01
-6.475830362423635744e-01 8.225081858467725437e-02 -2.174854256147676912e-01
-3.644461509594115745e-01 3.146333903740462512e-01 -2.299583986749644815e-01
-4.499816077179106255e-01 2.862117300771602757e-01 -2.531588690564749444e-01
-2.976146515688978811e-01 2.536092461007239951e-01 -2.625708522469600847e-01
-3.674535966262277853e-01 2.337075390328198776e-01 -2.840173905343836291e-01
-1.988719764441957971e-01 4.764474444854507884e-01 -2.503048142155606115e-01
-2.455537158525761543e-01 4.403814532856148989e-01 -2.720564076079097782e-01
-1.596727011921473816e-01 4.213810985851786928e-01 -2.724595863625452474e-01
-1.985938478836088150e-01 3.885473715385446836e-01 -2.918609970088039129e-01
-7.978454853297095584e-02 6.092830157698987392e-01 -2.449720699938304214e-01
-1.129153062132925434e-01 5.739338651976525485e-01 -2.634007685318587866e-01
-5.248598701933587796e-02 5.608806882815463579e-01 -2.631392003413708935e-01
-8.073461524005928758e-02 5.273426543994871318e-01 -2.795633249531885300e-01
1.795646718913476714e-02 7.156282784874921088e-01 -2.289447769426325996e-01
-1.248003268993277959e-02 6.862323260284166615e-01 -2.452844044760683073e-01
4.061300770714509900e-02 6.742205708881581216e-01 -2.463615248081071907e-01
1.412104234439176542e-02 6.465894939553760157e-01 -2.612901425107805875e-01
1.073706064662486581e-01 7.992941546882952331e-01 -2.078707692097180315e-01
7.465052713960387831e-02 7.792750155042271754e-01 -2.242163678766340706e-01
1.293668524401530018e-01 7.651618022189086155e-01 -2.265343208986131673e-01
1.004329985697060279e-01 7.473144977494953212e-01 -2.420691796160011622e-01
1.961396546050416245e-01 8.640279770104425383e-01 -1.831518096986934074e-01
1.586877384730721596e-01 8.554659564261987148e-01 -2.018445920110839842e-01
2.201064388717414999e-01 8.371688381291044756e-01 -2.046479540671546082e-01
1.865924710615532445e-01 8.312747265058366697e-01 -2.230383124643642856e-01
2.894835217167694985e-01 9.129331955653073871e-01 -1.536989723324744261e-01
2.458422157831479937e-01 9.167139371173479434e-01 -1.772063810677460827e-01
3.174993153732029727e-01 8.927530941066679215e-01 -1.796295769216130767e-01
2.780635561808785794e-01 8.996482761271041850e-01 -2.032051498594041605e-01
3.914912733288573032e-01 9.486808746164170358e-01 -1.164692776758121523e-01
3.404797595733194404e-01 9.641689617785825783e-01 -1.473923044669935289e-01
4.253586538128909522e-01 9.334702622726986920e-01 -1.486773978209894875e-01
3.788491138698230620e-01 9.524206110311699280e-01 -1.798692980112541473e-01
5.056531355539009009e-01 9.740599811500817440e-01 -6.632249329636753787e-02
4.460234779023040108e-01 9.981731817732716339e-01 -1.073494228980820114e-01
5.468555905500960268e-01 9.601060880654802565e-01 -1.069869846543904102e-01
4.920052626081760083e-01 9.879202485810620882e-01 -1.482790044451972322e-01
6.348122908085402916e-01 9.929158425092030615e-01 4.577720847310527696e-03
5.651404244206985616e-01 1.018290179823412966e+00 -4.903031990351085223e-02
6.841032235514553639e-01 9.730120894251937935e-01 -4.695719216975509369e-02
6.194285654296112220e-01 1.002230021490594813e+00 -1.005795229733066620e-01
-1.310521017297592072e+00 -5.191201238203474455e-02 8.935618885808446765e-02
-1.826768158577944057e+00 -1.578706038123023347e-02 6.536578113557840741e-02
-9.307906669448192671e-01 -1.476627908828572200e-01 4.010911821443580941e-04
-1.328792867150334844e+00 -3.398321330361719905e-02 -2.953716832652621138e-02
-6.749665748397325471e-01 7.760388939201001701e-03 -2.361063504627426007e-02
-8.871846982783345714e-01 2.226542689948229903e-02 -5.166111107315830148e-02
-5.136951897870379868e-01 -5.144334702790859248e-02 -7.062862835528653516e-02
-6.816613595276618254e-01 -7.050244215981493756e-03 -9.960066596622987878e-02
-3.538364054732816011e-01 1.627737411387988054e-01 -6.662076858299259552e-02
-4.514778784872837125e-01 1.634745097832017435e-01 -8.881574629098118456e-02
-2.763561531704430418e-01 1.221990161383065265e-01 -9.361815366957032536e-02
-3.552772796972951119e-01 1.357026455741475179e-01 -1.153150570101857258e-01
-1.659337361099722519e-01 3.251703945809430452e-01 -8.070081224055604407e-02
-2.176525051354523677e-01 3.195729910110635119e-01 -9.735615595155822088e-02
-1.232234319299190806e-01 2.946569830442117288e-01 -9.821360974960753609e-02
-1.658081661227129855e-01 2.953253266862028159e-01 -1.140892697364748049e-01
-3.853097500174537671e-02 4.713208687953239218e-01 -8.189816590097473425e-02
-7.223780696607901008e-02 4.643041878535256739e-01 -9.531646576619687283e-02
-1.032581244523536612e-02 4.466682357991502150e-01 -9.551805404160228219e-02
-3.859819709740108795e-02 4.434044120412099499e-01 -1.082449858346105909e-01
6.155072214964094068e-02 5.966050904027095925e-01 -7.685549358213049354e-02
3.331751065571889048e-02 5.912492046548210034e-01 -8.947873964504564348e-02
8.470683676914124438e-02 5.756714535142541944e-01 -8.994912242456716556e-02
6.057990903929111326e-02 5.732107761355160758e-01 -1.020792636079124599e-01
1.514885518123338937e-01 7.019990484197410341e-01 -6.820945636700770365e-02
1.223994665334492554e-01 7.003444256510206190e-01 -8.237085417537041987e-02
1.747175653990003796e-01 6.835489796812120877e-01 -8.320270940145640948e-02
1.494382502498433629e-01 6.846583037510205472e-01 -9.708325818032483012e-02
2.416731313254125435e-01 7.896542577583601785e-01 -5.659321473726727780e-02
2.078762126048090131e-01 7.932058435594604440e-01 -7.468505142726873658e-02
2.684026510951981193e-01 7.727671185951541233e-01 -7.568866951041845759e-02
2.386137815838085541e-01 7.792987837755240843e-01 -9.368871103496403951e-02
3.398441354946628579e-01 8.615091409933949285e-01 -4.134491213535467641e-02
2.982311146680066694e-01 8.714515663503306087e-01 -6.613490212646164212e-02
3.730525407332446752e-01 8.451246779228763772e-01 -6.703658088598726805e-02
3.359256083291486394e-01 8.584577022195530871e-01 -9.188142919651676177e-02
4.533259604912273089e-01 9.187705494740222578e-01 -2.057089785363922299e-02
4.005061783271188780e-01 9.360063790808220707e-01 -5.564589717687490333e-02
4.962903456473392039e-01 9.012197472538134857e-01 -5.616496116565321967e-02
4.486411398437314957e-01 9.224002624827780661e-01 -9.138322721646965907e-02
5.906579070105695273e-01 9.617597261141501708e-01 9.217214204389605550e-03
5.220964787492239356e-01 9.867171466852581174e-01 -4.119265763076913195e-02
6.475768957684511218e-01 9.400692151412041175e-01 -4.108096730251416251e-02
5.850729412142052777e-01 9.696699642550612452e-01 -9.164302782461838937e-02
7.632970778339822626e-01 9.899269325229804739e-01 5.398263985809875071e-02
6.722621920810640805e-01 1.021993172622670309e+00 -1.927909381537896288e-02
8.400086312488300733e-01 9.586050422862169018e-01 -1.836880501939462326e-02
7.561573381821250495e-01 9.961919997028074736e-01 -9.167797588794096564e-02
