 19  -1   0   0   2 -10   1   0   0   0   0   0  -1   2   0   0   0  -2 -12   0   0   0   0  -6  -4   0   0   0   2  -2
 -1  17  -1  -2   0   8   0 -12   0   0   0   6   2  -1   0   0   0   2   0   1   0   0   0   0   0  -1   2  -2   0   0
  0  -1  30  10  -8   0   0   0 -12   0  -6   0   0   0  -4   2  -2   0   0   0 -12   6   0   0   0   2  -1   2   0   0
  0  -2  10   9  -1   0   0   0   0   1   0   0   0   0  -2   1   0   0   0   0  -6   2   0   0   0   2  -2   1   0   0
  2   0  -8  -1   8  -1   0   0   6   0   2   0   0   0   2   0   1   0   0   0   0   0   1   0  -2   0   0   0   1   0
-10   8   0   0  -1  12   0  -6   0   0   0   2   2  -2   0   0   0   1   6   0   0   0   0   2   2   0   0   0   0   1
  1   0   0   0   0   0  14   0   0   0   1  -7 -12   0   0   0   0  -6   0   0   0   0   0   0  -1   0   0   0   1  -1
  0 -12   0   0   0  -6   0  14   0  -1   0  -4   0   1   0   0   0   0   0   0   0   0   0   0   0  -1   0  -1   0   1
  0   0 -12   0   6   0   0   0  25   7   4   0   0   0 -12   6   0   0   0   0   0   0   0   0   0   0  -1   1  -1   0
  0   0   0   1   0   0   0  -1   7   6   0   0   0   0  -6   2   0   0   0   0   0   0   0   0   0   1  -1   0   0   0
  0   0  -6   0   2   0   1   0   4   0   6   0   0   0   0   0   1   0   0   0   0   0   0   0  -1   0   1   0   0   0
  0   6   0   0   0   2  -7  -4   0   0   0   9   6   0   0   0   0   2   0   0   0   0   0   0   1  -1   0   0   0   0
 -1   2   0   0   0   2 -12   0   0   0   0   6  17  -1  -1   0   2   8   1   0   0   0   0   0  -1   0   2   0   2   0
  2  -1   0   0   0  -2   0   1   0   0   0   0  -1  19   0  -2   0   6   0 -12   0   0   0   6   0  -4   0  -2   0   2
  0   0  -4  -2   2   0   0   0 -12  -6   0   0  -1   0  30  -8  -6   0   0   0 -12   0  -6   0   2   0  -1   0  -2   0
  0   0   2   1   0   0   0   0   6   2   0   0   0  -2  -8   8  -1  -1   0   0   0   1   0   0   0   2   0   1   0   0
  0   0  -2   0   1   0   0   0   0   0   1   0   2   0  -6  -1   9   0   0   0   6   0   2   0  -2   0   2   0   1   0
 -2   2   0   0   0   1  -6   0   0   0   0   2   8   6   0  -1   0  12   0  -6   0   0   0   2   0  -2   0   0   0   1
-12   0   0   0   0   6   0   0   0   0   0   0   1   0   0   0   0   0  25   0   0   0   6   6 -12   0   0   0   6   0
  0   1   0   0   0   0   0   0   0   0   0   0   0 -12   0   0   0  -6   0  25   0  -6   0  -6   0 -12   0  -6   0   0
  0   0 -12  -6   0   0   0   0   0   0   0   0   0   0 -12   0   6   0   0   0  25  -6   6   0   0   0   1   0   0   0
  0   0   6   2   0   0   0   0   0   0   0   0   0   0   0   1   0   0   0  -6  -6   9   0   0   0   6   0   2   0   0
  0   0   0   0   1   0   0   0   0   0   0   0   0   0  -6   0   2   0   6   0   6   0   9   0  -6   0   0   0   2   0
 -6   0   0   0   0   2   0   0   0   0   0   0   0   6   0   0   0   2   6  -6   0   0   0   9   0   0   0   0   0   1
 -4   0   0   0  -2   2  -1   0   0   0  -1   1  -1   0   2   0  -2   0 -12   0   0   0  -6   0  20   0  -2   0 -11   3
  0  -1   2   2   0   0   0  -1   0   1   0  -1   0  -4   0   2   0  -2   0 -12   0   6   0   0   0  20  -2  11   0  -3
  0   2  -1  -2   0   0   0   0  -1  -1   1   0   2   0  -1   0   2   0   0   0   1   0   0   0  -2  -2   7  -3   3   0
  0  -2   2   1   0   0   0  -1   1   0   0   0   0  -2   0   1   0   0   0  -6   0   2   0   0   0  11  -3  10   0  -1
  2   0   0   0   1   0   1   0  -1   0   0   0   2   0  -2   0   1   0   6   0   0   0   2   0 -11   0   3   0  10  -1
 -2   0   0   0   0   1  -1   1   0   0   0   0   0   2   0   0   0   1   0   0   0   0   0   1   3  -3   0  -1  -1   6
