# 37
1   2   210.0   0.01
1   14  210.0   0.01
2   3   210.0   0.01
2   14  210.0   0.01
3   4   210.0   0.01
3   13  210.0   0.01
3   14  210.0   0.01
4   5   210.0   0.01
4   12  210.0   0.01
4   13  210.0   0.01
5   6   210.0   0.01
5   11  210.0   0.01
5   12  210.0   0.01
6   7   210.0   0.01
6   10  210.0   0.01
6   11  210.0   0.01
7   8   210.0   0.01
7   9   210.0   0.01
7   10  210.0   0.01
8   9   210.0   0.01
9   10  210.0   0.01
9   18  210.0   0.01
10  11  210.0   0.01
10  18  210.0   0.01
11  12  210.0   0.01
11  17  210.0   0.01
11  18  210.0   0.01
12  13  210.0   0.01
12  16  210.0   0.01
12  17  210.0   0.01
13  14  210.0   0.01
13  15  210.0   0.01
13  16  210.0   0.01
14  15  210.0   0.01
15  16  210.0   0.01
16  17  210.0   0.01
17  18  210.0   0.01